iter,funcval,gradnorm,x
0,704.1073340916507,4737.825581884874,"[ 9.99999993e+01  7.57158456e-07  1.99999967e-01  9.00000399e-01
  9.99999999e+01 -1.59692511e-06  2.00000986e-01  8.00000923e-01
  9.99999998e+01  5.00013652e-02  3.00000143e-01  8.00000258e-01
  1.00000001e+02  9.99993739e-02  3.00000863e-01  5.99999592e-01
  9.99999987e+01  2.99998510e-01  5.00000575e-01  3.00001638e-01
  1.00000001e+02  5.99999875e-01  6.00000230e-01 -2.79814448e-07
  5.16824807e+02  2.99999999e+02  2.99999999e+02  3.00000000e+02
  3.00000000e+02]"
1,631.7929895899567,4737.818529558787,"[ 9.99999993e+01  7.57158456e-07  1.99999967e-01  9.00000399e-01
  9.99999999e+01 -1.59692511e-06  2.00000986e-01  8.00000923e-01
  9.99999998e+01  5.00013652e-02  3.00000143e-01  8.00000258e-01
  1.00000001e+02  9.99993739e-02  3.00000863e-01  5.99999592e-01
  9.99999987e+01  2.99998510e-01  5.00000575e-01  3.00001638e-01
  1.00000001e+02  5.99999875e-01  6.00000230e-01 -2.79814448e-07
  5.16824807e+02  2.99999999e+02  2.99999999e+02  3.00000000e+02
  3.00000000e+02]"
2,631.7929895899567,4737.800600619334,"[ 9.99999993e+01  7.57158456e-07  1.99999967e-01  9.00000399e-01
  9.99999999e+01 -1.59692511e-06  2.00000986e-01  8.00000923e-01
  9.99999998e+01  5.00013652e-02  3.00000143e-01  8.00000258e-01
  1.00000001e+02  9.99993739e-02  3.00000863e-01  5.99999592e-01
  9.99999987e+01  2.99998510e-01  5.00000575e-01  3.00001638e-01
  1.00000001e+02  5.99999875e-01  6.00000230e-01 -2.79814448e-07
  5.16824807e+02  2.99999999e+02  2.99999999e+02  3.00000000e+02
  3.00000000e+02]"
3,631.7929895899567,4737.7630680735065,"[ 9.99999993e+01  7.57158456e-07  1.99999967e-01  9.00000399e-01
  9.99999999e+01 -1.59692511e-06  2.00000986e-01  8.00000923e-01
  9.99999998e+01  5.00013652e-02  3.00000143e-01  8.00000258e-01
  1.00000001e+02  9.99993739e-02  3.00000863e-01  5.99999592e-01
  9.99999987e+01  2.99998510e-01  5.00000575e-01  3.00001638e-01
  1.00000001e+02  5.99999875e-01  6.00000230e-01 -2.79814448e-07
  5.16824807e+02  2.99999999e+02  2.99999999e+02  3.00000000e+02
  3.00000000e+02]"
4,631.7929895899567,4737.825664012448,"[ 9.99999993e+01  7.57158456e-07  1.99999967e-01  9.00000399e-01
  9.99999999e+01 -1.59692511e-06  2.00000986e-01  8.00000923e-01
  9.99999998e+01  5.00013652e-02  3.00000143e-01  8.00000258e-01
  1.00000001e+02  9.99993739e-02  3.00000863e-01  5.99999592e-01
  9.99999987e+01  2.99998510e-01  5.00000575e-01  3.00001638e-01
  1.00000001e+02  5.99999875e-01  6.00000230e-01 -2.79814448e-07
  5.16824807e+02  2.99999999e+02  2.99999999e+02  3.00000000e+02
  3.00000000e+02]"
5,631.7929895899567,4737.825849280378,"[ 9.99999993e+01  7.57158456e-07  1.99999967e-01  9.00000399e-01
  9.99999999e+01 -1.59692511e-06  2.00000986e-01  8.00000923e-01
  9.99999998e+01  5.00013652e-02  3.00000143e-01  8.00000258e-01
  1.00000001e+02  9.99993739e-02  3.00000863e-01  5.99999592e-01
  9.99999987e+01  2.99998510e-01  5.00000575e-01  3.00001638e-01
  1.00000001e+02  5.99999875e-01  6.00000230e-01 -2.79814448e-07
  5.16824807e+02  2.99999999e+02  2.99999999e+02  3.00000000e+02
  3.00000000e+02]"
6,631.7929895899567,4737.853293018854,"[ 9.99999993e+01  7.57158456e-07  1.99999967e-01  9.00000399e-01
  9.99999999e+01 -1.59692511e-06  2.00000986e-01  8.00000923e-01
  9.99999998e+01  5.00013652e-02  3.00000143e-01  8.00000258e-01
  1.00000001e+02  9.99993739e-02  3.00000863e-01  5.99999592e-01
  9.99999987e+01  2.99998510e-01  5.00000575e-01  3.00001638e-01
  1.00000001e+02  5.99999875e-01  6.00000230e-01 -2.79814448e-07
  5.16824807e+02  2.99999999e+02  2.99999999e+02  3.00000000e+02
  3.00000000e+02]"
7,352.4979135859721,4737.827752856928,"[ 1.00001775e+02  5.45760562e-02  2.34370601e-01  9.19451224e-01
  9.99997878e+01  1.55619208e-02  2.08141485e-01  7.92171766e-01
  9.99980032e+01  2.85376406e-02  2.80688905e-01  7.82946380e-01
  1.00001388e+02  1.30428444e-01  3.28679914e-01  6.15703588e-01
  9.99972890e+01  2.63760766e-01  4.80211044e-01  2.71959372e-01
  1.00000193e+02  6.09715020e-01  6.21861193e-01 -8.86662018e-03
  5.16829582e+02  3.00000001e+02  2.99999969e+02  3.00000040e+02
  2.99999895e+02]"
8,352.4979135859721,1839.1284115585993,"[ 1.00001775e+02  5.45760562e-02  2.34370601e-01  9.19451224e-01
  9.99997878e+01  1.55619208e-02  2.08141485e-01  7.92171766e-01
  9.99980032e+01  2.85376406e-02  2.80688905e-01  7.82946380e-01
  1.00001388e+02  1.30428444e-01  3.28679914e-01  6.15703588e-01
  9.99972890e+01  2.63760766e-01  4.80211044e-01  2.71959372e-01
  1.00000193e+02  6.09715020e-01  6.21861193e-01 -8.86662018e-03
  5.16829582e+02  3.00000001e+02  2.99999969e+02  3.00000040e+02
  2.99999895e+02]"
9,347.9041298851077,1361.7106176911368,"[1.00001923e+02 6.81395300e-02 2.51478752e-01 9.22669077e-01
 9.99992585e+01 2.02312551e-02 2.09654098e-01 7.86292239e-01
 9.99969186e+01 2.26450084e-02 2.75786336e-01 7.70286610e-01
 1.00001551e+02 1.38200093e-01 3.38605933e-01 6.32248071e-01
 9.99963802e+01 2.55565976e-01 4.71685852e-01 2.82464848e-01
 1.00000235e+02 6.14736053e-01 6.20865077e-01 8.13040201e-03
 5.16861788e+02 3.00000001e+02 2.99999963e+02 3.00000050e+02
 2.99999871e+02]"
10,347.9041298851077,1444.1867294864255,"[1.00001923e+02 6.81395300e-02 2.51478752e-01 9.22669077e-01
 9.99992585e+01 2.02312551e-02 2.09654098e-01 7.86292239e-01
 9.99969186e+01 2.26450084e-02 2.75786336e-01 7.70286610e-01
 1.00001551e+02 1.38200093e-01 3.38605933e-01 6.32248071e-01
 9.99963802e+01 2.55565976e-01 4.71685852e-01 2.82464848e-01
 1.00000235e+02 6.14736053e-01 6.20865077e-01 8.13040201e-03
 5.16861788e+02 3.00000001e+02 2.99999963e+02 3.00000050e+02
 2.99999871e+02]"
11,317.3357089055433,3522.0713826197393,"[1.00001881e+02 6.36460236e-02 2.49959375e-01 9.21963194e-01
 9.99993264e+01 2.98726361e-02 2.15314844e-01 7.88961052e-01
 9.99968465e+01 2.35105245e-02 2.74556021e-01 7.68108983e-01
 1.00001535e+02 1.35828083e-01 3.37560180e-01 6.31921237e-01
 9.99962690e+01 2.53648128e-01 4.70821687e-01 2.82524378e-01
 1.00000244e+02 6.15327525e-01 6.21492103e-01 9.11715992e-03
 5.16861667e+02 3.00000002e+02 2.99999962e+02 3.00000049e+02
 2.99999867e+02]"
12,294.3456445107818,7675.58619016131,"[1.00001928e+02 5.35809577e-02 2.45191801e-01 9.21113300e-01
 9.99990467e+01 4.09432578e-02 2.22148522e-01 7.91622259e-01
 9.99960025e+01 2.60257213e-02 2.74072591e-01 7.63048693e-01
 1.00001646e+02 1.30339566e-01 3.32133229e-01 6.38012159e-01
 9.99954599e+01 2.52819632e-01 4.69324575e-01 2.90622195e-01
 1.00000285e+02 6.18970065e-01 6.20199627e-01 1.87516155e-02
 5.16852029e+02 3.00000004e+02 2.99999957e+02 3.00000053e+02
 2.99999844e+02]"
13,294.3456445107818,3918.3444460457754,"[1.00001928e+02 5.35809577e-02 2.45191801e-01 9.21113300e-01
 9.99990467e+01 4.09432578e-02 2.22148522e-01 7.91622259e-01
 9.99960025e+01 2.60257213e-02 2.74072591e-01 7.63048693e-01
 1.00001646e+02 1.30339566e-01 3.32133229e-01 6.38012159e-01
 9.99954599e+01 2.52819632e-01 4.69324575e-01 2.90622195e-01
 1.00000285e+02 6.18970065e-01 6.20199627e-01 1.87516155e-02
 5.16852029e+02 3.00000004e+02 2.99999957e+02 3.00000053e+02
 2.99999844e+02]"
14,286.6659586605985,3231.0714907778242,"[1.00002149e+02 5.36701747e-02 2.47343525e-01 9.22120244e-01
 9.99991289e+01 4.56285850e-02 2.26710647e-01 7.92699891e-01
 9.99958838e+01 2.61102229e-02 2.72506124e-01 7.62123443e-01
 1.00001812e+02 1.30303325e-01 3.34968247e-01 6.36759375e-01
 9.99951855e+01 2.49720270e-01 4.68637969e-01 2.83985835e-01
 1.00000308e+02 6.19478036e-01 6.25551045e-01 1.33761656e-02
 5.16852771e+02 3.00000005e+02 2.99999954e+02 3.00000057e+02
 2.99999832e+02]"
15,282.38575721424934,1113.342042255006,"[1.00002538e+02 5.50254568e-02 2.54553167e-01 9.24285972e-01
 9.99992316e+01 5.39279374e-02 2.31199410e-01 7.89234956e-01
 9.99961939e+01 2.41082622e-02 2.72752420e-01 7.67164542e-01
 1.00002021e+02 1.34348406e-01 3.42515712e-01 6.34269451e-01
 9.99953350e+01 2.49669591e-01 4.70387944e-01 2.70458349e-01
 1.00000308e+02 6.17425918e-01 6.32768747e-01 7.25912929e-05
 5.16856282e+02 3.00000003e+02 2.99999953e+02 3.00000062e+02
 2.99999831e+02]"
16,228.80995162485186,1729.6644521346152,"[1.00002927e+02 8.34415554e-02 2.68893216e-01 9.31551349e-01
 9.99994129e+01 7.11759756e-02 2.35026160e-01 7.86186126e-01
 9.99964970e+01 4.84193411e-02 2.81394929e-01 7.68860688e-01
 1.00001741e+02 1.14405835e-01 3.29071136e-01 6.25072045e-01
 9.99951951e+01 2.41795683e-01 4.68336889e-01 2.70524834e-01
 1.00000329e+02 6.18889451e-01 6.34955344e-01 1.74379791e-03
 5.16853654e+02 3.00000010e+02 2.99999959e+02 3.00000052e+02
 2.99999822e+02]"
17,171.54078001739234,3404.2667557590603,"[1.00003007e+02 1.22376007e-01 3.11957315e-01 9.38349395e-01
 9.99993285e+01 1.43551166e-01 2.61134649e-01 7.66286189e-01
 9.99976556e+01 6.18532106e-02 2.93747381e-01 7.72511932e-01
 1.00000866e+02 1.07505572e-01 3.28813181e-01 6.21869082e-01
 9.99962464e+01 2.38351606e-01 4.65933368e-01 2.63793152e-01
 1.00000261e+02 6.16613773e-01 6.36640762e-01 5.84863643e-03
 5.16884974e+02 3.00000019e+02 2.99999984e+02 3.00000033e+02
 2.99999853e+02]"
18,171.54078001739234,28192.47355217269,"[1.00003007e+02 1.22376007e-01 3.11957315e-01 9.38349395e-01
 9.99993285e+01 1.43551166e-01 2.61134649e-01 7.66286189e-01
 9.99976556e+01 6.18532106e-02 2.93747381e-01 7.72511932e-01
 1.00000866e+02 1.07505572e-01 3.28813181e-01 6.21869082e-01
 9.99962464e+01 2.38351606e-01 4.65933368e-01 2.63793152e-01
 1.00000261e+02 6.16613773e-01 6.36640762e-01 5.84863643e-03
 5.16884974e+02 3.00000019e+02 2.99999984e+02 3.00000033e+02
 2.99999853e+02]"
19,154.06327047571554,23795.746617357123,"[1.00002826e+02 8.17145892e-02 3.02314161e-01 9.36102962e-01
 1.00000059e+02 1.62069086e-01 2.68835393e-01 7.73404179e-01
 9.99989285e+01 5.40894828e-02 2.90245118e-01 7.82752239e-01
 1.00000807e+02 1.05446643e-01 3.25447737e-01 6.11654680e-01
 9.99973779e+01 2.39651859e-01 4.70371950e-01 2.65130833e-01
 1.00000214e+02 6.11623811e-01 6.22103183e-01 3.57982630e-03
 5.16879267e+02 3.00000017e+02 2.99999989e+02 3.00000027e+02
 2.99999880e+02]"
20,154.06327047571554,11036.52789295893,"[1.00002826e+02 8.17145892e-02 3.02314161e-01 9.36102962e-01
 1.00000059e+02 1.62069086e-01 2.68835393e-01 7.73404179e-01
 9.99989285e+01 5.40894828e-02 2.90245118e-01 7.82752239e-01
 1.00000807e+02 1.05446643e-01 3.25447737e-01 6.11654680e-01
 9.99973779e+01 2.39651859e-01 4.70371950e-01 2.65130833e-01
 1.00000214e+02 6.11623811e-01 6.22103183e-01 3.57982630e-03
 5.16879267e+02 3.00000017e+02 2.99999989e+02 3.00000027e+02
 2.99999880e+02]"
21,140.6694018598919,2300.0458962704,"[1.00002758e+02 8.48356227e-02 3.05043899e-01 9.35957159e-01
 1.00000242e+02 1.59148697e-01 2.70028798e-01 7.75714107e-01
 9.99989754e+01 6.12379383e-02 2.90683571e-01 7.79199359e-01
 1.00000771e+02 1.02849984e-01 3.27555837e-01 6.08689274e-01
 9.99972378e+01 2.33596721e-01 4.67023376e-01 2.63621929e-01
 1.00000228e+02 6.12529309e-01 6.24658246e-01 4.66354844e-03
 5.16879256e+02 3.00000021e+02 2.99999992e+02 3.00000024e+02
 2.99999874e+02]"
22,122.97850443400958,3674.5798854620753,"[1.00002655e+02 9.01864297e-02 3.16947736e-01 9.35680483e-01
 1.00000120e+02 1.65125980e-01 2.78153846e-01 7.72873808e-01
 9.99987264e+01 7.21716983e-02 2.93432338e-01 7.73004488e-01
 1.00000618e+02 9.72746357e-02 3.31607916e-01 6.10526395e-01
 9.99968939e+01 2.28994887e-01 4.61879157e-01 2.66025072e-01
 1.00000245e+02 6.14889152e-01 6.25408892e-01 1.42706413e-02
 5.16872052e+02 3.00000027e+02 2.99999998e+02 3.00000022e+02
 2.99999866e+02]"
23,112.2069649671026,5271.855736704535,"[1.00002516e+02 8.75081789e-02 3.42418765e-01 9.33893109e-01
 9.99994980e+01 1.89724634e-01 2.91880711e-01 7.51284102e-01
 9.99994157e+01 7.83615903e-02 3.06679270e-01 7.81490188e-01
 1.00000191e+02 1.02324250e-01 3.45779710e-01 6.18635465e-01
 9.99979267e+01 2.37825464e-01 4.63788541e-01 2.68626467e-01
 1.00000156e+02 6.10800534e-01 6.18842517e-01 2.28920595e-02
 5.16863062e+02 3.00000028e+02 3.00000015e+02 3.00000021e+02
 2.99999908e+02]"
24,112.2069649671026,8259.869347841508,"[1.00002516e+02 8.75081789e-02 3.42418765e-01 9.33893109e-01
 9.99994980e+01 1.89724634e-01 2.91880711e-01 7.51284102e-01
 9.99994157e+01 7.83615903e-02 3.06679270e-01 7.81490188e-01
 1.00000191e+02 1.02324250e-01 3.45779710e-01 6.18635465e-01
 9.99979267e+01 2.37825464e-01 4.63788541e-01 2.68626467e-01
 1.00000156e+02 6.10800534e-01 6.18842517e-01 2.28920595e-02
 5.16863062e+02 3.00000028e+02 3.00000015e+02 3.00000021e+02
 2.99999908e+02]"
25,109.64831814961414,5538.245194333728,"[1.00002501e+02 8.85478239e-02 3.44456920e-01 9.33387953e-01
 9.99995010e+01 1.89761798e-01 2.95179189e-01 7.49037812e-01
 9.99996256e+01 8.29273811e-02 3.10539668e-01 7.85041499e-01
 1.00000081e+02 9.93963310e-02 3.43140654e-01 6.15003534e-01
 9.99980578e+01 2.39066369e-01 4.64849367e-01 2.66409381e-01
 1.00000138e+02 6.10213530e-01 6.19288651e-01 2.08564352e-02
 5.16855044e+02 3.00000002e+02 2.99999992e+02 2.99999936e+02
 2.99999902e+02]"
26,97.47302276238815,1069.742930600036,"[1.00002555e+02 9.26029410e-02 3.46028421e-01 9.34373223e-01
 9.99995371e+01 1.91145800e-01 2.96344168e-01 7.48793019e-01
 9.99996499e+01 8.90675107e-02 3.12736941e-01 7.85149178e-01
 1.00000152e+02 1.03270745e-01 3.44433346e-01 6.15078481e-01
 9.99978843e+01 2.31437497e-01 4.60358460e-01 2.63688346e-01
 1.00000132e+02 6.11391291e-01 6.21221859e-01 2.21790107e-02
 5.16855018e+02 2.99999978e+02 2.99999936e+02 2.99999897e+02
 2.99999914e+02]"
27,84.63015416485072,1217.2782224729094,"[1.00002551e+02 9.72395583e-02 3.48880344e-01 9.33533599e-01
 9.99992038e+01 2.00378284e-01 3.08267124e-01 7.40058780e-01
 9.99999909e+01 9.59710804e-02 3.22258174e-01 7.92548900e-01
 9.99999631e+01 1.11018849e-01 3.44354445e-01 6.18138484e-01
 9.99982187e+01 2.27385310e-01 4.58112385e-01 2.55474776e-01
 1.00000093e+02 6.10366467e-01 6.24817446e-01 2.27255273e-02
 5.16854333e+02 2.99999956e+02 2.99999920e+02 2.99999827e+02
 2.99999922e+02]"
28,75.55264330689735,2661.0453240970983,"[1.00002254e+02 1.07400592e-01 3.59843821e-01 9.28442154e-01
 9.99992933e+01 1.93508152e-01 3.22693623e-01 7.42649619e-01
 9.99996401e+01 1.15839129e-01 3.28048258e-01 7.77600126e-01
 1.00000002e+02 1.08644813e-01 3.55953543e-01 6.18824370e-01
 9.99974060e+01 2.14877370e-01 4.48386407e-01 2.37270862e-01
 1.00000100e+02 6.14231627e-01 6.52569223e-01 2.34441613e-02
 5.16865709e+02 3.00000180e+02 2.99999859e+02 2.99999858e+02
 2.99999786e+02]"
29,68.73815367781594,2854.9081666381317,"[1.00001915e+02 1.01708828e-01 3.64816126e-01 9.26247637e-01
 1.00000673e+02 2.04682003e-01 3.33564839e-01 7.55809947e-01
 1.00001514e+02 1.28779086e-01 3.26399893e-01 7.80055342e-01
 9.99996594e+01 9.29625710e-02 3.57890108e-01 5.93070523e-01
 9.99985768e+01 2.04063097e-01 4.46204889e-01 2.29258343e-01
 1.00000044e+02 6.09960422e-01 6.50196677e-01 1.56398122e-02
 5.16834771e+02 3.00000163e+02 2.99999802e+02 2.99999804e+02
 2.99999832e+02]"
30,59.572598994726285,8056.073558186153,"[1.00001667e+02 1.32463822e-01 3.56430000e-01 9.22730330e-01
 9.99997411e+01 2.29306793e-01 3.50158766e-01 7.54533616e-01
 1.00000321e+02 1.25689036e-01 3.27050181e-01 7.70889630e-01
 9.99992902e+01 9.47011352e-02 3.51600703e-01 6.05050803e-01
 9.99981087e+01 2.15338071e-01 4.49279267e-01 2.28958959e-01
 1.00000032e+02 6.12369224e-01 6.59729279e-01 1.55316399e-02
 5.16815429e+02 3.00000133e+02 2.99999800e+02 2.99999879e+02
 2.99999889e+02]"
31,59.572598994726285,495.50700499213946,"[1.00001667e+02 1.32463822e-01 3.56430000e-01 9.22730330e-01
 9.99997411e+01 2.29306793e-01 3.50158766e-01 7.54533616e-01
 1.00000321e+02 1.25689036e-01 3.27050181e-01 7.70889630e-01
 9.99992902e+01 9.47011352e-02 3.51600703e-01 6.05050803e-01
 9.99981087e+01 2.15338071e-01 4.49279267e-01 2.28958959e-01
 1.00000032e+02 6.12369224e-01 6.59729279e-01 1.55316399e-02
 5.16815429e+02 3.00000133e+02 2.99999800e+02 2.99999879e+02
 2.99999889e+02]"
32,56.86098377725966,447.25405807458327,"[1.00001605e+02 1.35173355e-01 3.62243728e-01 9.23213389e-01
 9.99999203e+01 2.33295132e-01 3.48122545e-01 7.57967481e-01
 1.00000368e+02 1.33215994e-01 3.27953741e-01 7.67866087e-01
 9.99993489e+01 9.48516656e-02 3.52809646e-01 6.02918291e-01
 9.99980347e+01 2.14347629e-01 4.48848056e-01 2.24894298e-01
 1.00000043e+02 6.12400296e-01 6.63094569e-01 1.58313381e-02
 5.16815757e+02 3.00000198e+02 2.99999820e+02 2.99999973e+02
 2.99999879e+02]"
33,56.86098377725966,424.1208466755214,"[1.00001605e+02 1.35173355e-01 3.62243728e-01 9.23213389e-01
 9.99999203e+01 2.33295132e-01 3.48122545e-01 7.57967481e-01
 1.00000368e+02 1.33215994e-01 3.27953741e-01 7.67866087e-01
 9.99993489e+01 9.48516656e-02 3.52809646e-01 6.02918291e-01
 9.99980347e+01 2.14347629e-01 4.48848056e-01 2.24894298e-01
 1.00000043e+02 6.12400296e-01 6.63094569e-01 1.58313381e-02
 5.16815757e+02 3.00000198e+02 2.99999820e+02 2.99999973e+02
 2.99999879e+02]"
34,55.490332083661734,3358.43059730805,"[1.00001608e+02 1.35888795e-01 3.59520533e-01 9.22571888e-01
 9.99999081e+01 2.35427759e-01 3.50919162e-01 7.59072532e-01
 1.00000278e+02 1.33491002e-01 3.28078557e-01 7.66954582e-01
 9.99994028e+01 9.78137433e-02 3.54117288e-01 6.04319651e-01
 9.99979095e+01 2.12306363e-01 4.47359827e-01 2.24876941e-01
 1.00000043e+02 6.13039219e-01 6.63983643e-01 1.61272449e-02
 5.16814869e+02 3.00000196e+02 2.99999798e+02 2.99999978e+02
 2.99999884e+02]"
35,53.57887696908554,658.7108499099546,"[1.00001609e+02 1.38273139e-01 3.58687454e-01 9.22551763e-01
 9.99998751e+01 2.36067574e-01 3.52379940e-01 7.59468971e-01
 1.00000241e+02 1.37291692e-01 3.29657297e-01 7.66864878e-01
 9.99994246e+01 1.00512607e-01 3.54410164e-01 6.04618882e-01
 9.99978257e+01 2.10709043e-01 4.46034418e-01 2.23513353e-01
 1.00000038e+02 6.13452210e-01 6.65195560e-01 1.57782627e-02
 5.16813333e+02 3.00000159e+02 2.99999772e+02 2.99999956e+02
 2.99999907e+02]"
36,50.98641002623945,311.2354015713882,"[1.00001403e+02 1.42533665e-01 3.53797554e-01 9.21469115e-01
 9.99998588e+01 2.38696391e-01 3.56029570e-01 7.58295886e-01
 1.00000433e+02 1.43522334e-01 3.33367398e-01 7.65292170e-01
 9.99993229e+01 1.06466713e-01 3.56508131e-01 6.07046780e-01
 9.99980347e+01 2.12513361e-01 4.45183058e-01 2.23581548e-01
 1.00000019e+02 6.12502991e-01 6.65867095e-01 1.74798354e-02
 5.16814390e+02 3.00000195e+02 2.99999803e+02 3.00000017e+02
 2.99999911e+02]"
37,48.94182117704721,283.1806686581935,"[1.00001213e+02 1.46669654e-01 3.41317320e-01 9.22148159e-01
 9.99995285e+01 2.44495602e-01 3.52013576e-01 7.51793283e-01
 1.00000039e+02 1.48204183e-01 3.36929845e-01 7.61817398e-01
 9.99993336e+01 1.16932550e-01 3.56751257e-01 6.15144649e-01
 9.99979253e+01 2.23632669e-01 4.47106774e-01 2.29363832e-01
 1.00000015e+02 6.12490735e-01 6.61930431e-01 2.30763815e-02
 5.16816717e+02 3.00000204e+02 2.99999853e+02 3.00000073e+02
 2.99999919e+02]"
38,48.94182117704721,1127.6291382086881,"[1.00001213e+02 1.46669654e-01 3.41317320e-01 9.22148159e-01
 9.99995285e+01 2.44495602e-01 3.52013576e-01 7.51793283e-01
 1.00000039e+02 1.48204183e-01 3.36929845e-01 7.61817398e-01
 9.99993336e+01 1.16932550e-01 3.56751257e-01 6.15144649e-01
 9.99979253e+01 2.23632669e-01 4.47106774e-01 2.29363832e-01
 1.00000015e+02 6.12490735e-01 6.61930431e-01 2.30763815e-02
 5.16816717e+02 3.00000204e+02 2.99999853e+02 3.00000073e+02
 2.99999919e+02]"
39,48.94182117704721,732.2832568562122,"[1.00001213e+02 1.46669654e-01 3.41317320e-01 9.22148159e-01
 9.99995285e+01 2.44495602e-01 3.52013576e-01 7.51793283e-01
 1.00000039e+02 1.48204183e-01 3.36929845e-01 7.61817398e-01
 9.99993336e+01 1.16932550e-01 3.56751257e-01 6.15144649e-01
 9.99979253e+01 2.23632669e-01 4.47106774e-01 2.29363832e-01
 1.00000015e+02 6.12490735e-01 6.61930431e-01 2.30763815e-02
 5.16816717e+02 3.00000204e+02 2.99999853e+02 3.00000073e+02
 2.99999919e+02]"
40,48.75636582474347,1003.9561375167361,"[1.00001212e+02 1.46570602e-01 3.43552812e-01 9.22459145e-01
 9.99995330e+01 2.46454424e-01 3.52039235e-01 7.51291807e-01
 1.00000027e+02 1.48325127e-01 3.36728161e-01 7.61381444e-01
 9.99993145e+01 1.16891648e-01 3.56851730e-01 6.14956730e-01
 9.99979294e+01 2.24385720e-01 4.47545747e-01 2.28740499e-01
 1.00000021e+02 6.12386963e-01 6.61676242e-01 2.33767609e-02
 5.16817099e+02 3.00000201e+02 2.99999873e+02 3.00000074e+02
 2.99999917e+02]"
41,47.94721582648352,329.31281271170377,"[1.00001255e+02 1.47777317e-01 3.43690127e-01 9.22963199e-01
 9.99995192e+01 2.46294560e-01 3.52088874e-01 7.50822754e-01
 1.00000020e+02 1.50533400e-01 3.37818498e-01 7.61896115e-01
 9.99993399e+01 1.18025098e-01 3.56373834e-01 6.15045833e-01
 9.99978767e+01 2.23853827e-01 4.47205613e-01 2.28176711e-01
 1.00000023e+02 6.12557106e-01 6.62198594e-01 2.33333841e-02
 5.16817402e+02 3.00000201e+02 2.99999873e+02 3.00000069e+02
 2.99999914e+02]"
42,46.94544417899496,259.3895103641784,"[1.00001274e+02 1.50176038e-01 3.44162899e-01 9.23339710e-01
 9.99995574e+01 2.46756555e-01 3.54023262e-01 7.50942688e-01
 1.00000102e+02 1.55146253e-01 3.39622384e-01 7.63019137e-01
 9.99993352e+01 1.18988859e-01 3.55009672e-01 6.13690097e-01
 9.99978522e+01 2.23056225e-01 4.46847881e-01 2.27064890e-01
 1.00000016e+02 6.12687647e-01 6.63180021e-01 2.28721097e-02
 5.16817669e+02 3.00000198e+02 2.99999862e+02 3.00000052e+02
 2.99999913e+02]"
43,46.7465715034332,157.07546832066097,"[1.00001125e+02 1.57456732e-01 3.43746027e-01 9.20176443e-01
 9.99993341e+01 2.48539754e-01 3.62707834e-01 7.50589898e-01
 1.00000073e+02 1.57944326e-01 3.41089182e-01 7.64950511e-01
 9.99990864e+01 1.17666353e-01 3.52291515e-01 6.14096371e-01
 9.99979563e+01 2.23790885e-01 4.47477960e-01 2.27517038e-01
 9.99999841e+01 6.12801894e-01 6.65072615e-01 2.05911335e-02
 5.16817352e+02 3.00000106e+02 2.99999832e+02 2.99999940e+02
 2.99999949e+02]"
44,46.7465715034332,457.4178638927418,"[1.00001125e+02 1.57456732e-01 3.43746027e-01 9.20176443e-01
 9.99993341e+01 2.48539754e-01 3.62707834e-01 7.50589898e-01
 1.00000073e+02 1.57944326e-01 3.41089182e-01 7.64950511e-01
 9.99990864e+01 1.17666353e-01 3.52291515e-01 6.14096371e-01
 9.99979563e+01 2.23790885e-01 4.47477960e-01 2.27517038e-01
 9.99999841e+01 6.12801894e-01 6.65072615e-01 2.05911335e-02
 5.16817352e+02 3.00000106e+02 2.99999832e+02 2.99999940e+02
 2.99999949e+02]"
45,46.7465715034332,400.90434358420197,"[1.00001125e+02 1.57456732e-01 3.43746027e-01 9.20176443e-01
 9.99993341e+01 2.48539754e-01 3.62707834e-01 7.50589898e-01
 1.00000073e+02 1.57944326e-01 3.41089182e-01 7.64950511e-01
 9.99990864e+01 1.17666353e-01 3.52291515e-01 6.14096371e-01
 9.99979563e+01 2.23790885e-01 4.47477960e-01 2.27517038e-01
 9.99999841e+01 6.12801894e-01 6.65072615e-01 2.05911335e-02
 5.16817352e+02 3.00000106e+02 2.99999832e+02 2.99999940e+02
 2.99999949e+02]"
46,46.430022449784836,498.27056738254527,"[1.00001119e+02 1.57081396e-01 3.43616383e-01 9.20139361e-01
 9.99993402e+01 2.48962786e-01 3.63005934e-01 7.50680236e-01
 1.00000073e+02 1.57930411e-01 3.41014124e-01 7.64889764e-01
 9.99990929e+01 1.18059385e-01 3.52546856e-01 6.14187353e-01
 9.99979560e+01 2.23792049e-01 4.47430096e-01 2.27430838e-01
 9.99999841e+01 6.12782632e-01 6.65041502e-01 2.05704770e-02
 5.16817347e+02 3.00000106e+02 2.99999833e+02 2.99999941e+02
 2.99999949e+02]"
47,45.91085706087524,463.1288750252242,"[1.00001107e+02 1.56280674e-01 3.43355453e-01 9.20039046e-01
 9.99993594e+01 2.49851352e-01 3.63581845e-01 7.50922668e-01
 1.00000081e+02 1.57964333e-01 3.40923647e-01 7.64760930e-01
 9.99991006e+01 1.18813105e-01 3.52941088e-01 6.14298666e-01
 9.99979583e+01 2.23657041e-01 4.47257829e-01 2.27271189e-01
 9.99999828e+01 6.12758874e-01 6.65018945e-01 2.05782288e-02
 5.16817361e+02 3.00000107e+02 2.99999832e+02 2.99999940e+02
 2.99999950e+02]"
48,45.30719208050467,451.4208316602396,"[1.00001081e+02 1.54735139e-01 3.43164927e-01 9.19900033e-01
 9.99993930e+01 2.51487815e-01 3.64395027e-01 7.51108666e-01
 1.00000111e+02 1.57887929e-01 3.40855353e-01 7.64663199e-01
 9.99991189e+01 1.20652254e-01 3.54063482e-01 6.14576720e-01
 9.99979801e+01 2.23475456e-01 4.46923807e-01 2.26879458e-01
 9.99999871e+01 6.12614416e-01 6.64792788e-01 2.06305596e-02
 5.16817471e+02 3.00000105e+02 2.99999829e+02 2.99999939e+02
 2.99999947e+02]"
49,45.30719208050467,422.47820071827476,"[1.00001081e+02 1.54735139e-01 3.43164927e-01 9.19900033e-01
 9.99993930e+01 2.51487815e-01 3.64395027e-01 7.51108666e-01
 1.00000111e+02 1.57887929e-01 3.40855353e-01 7.64663199e-01
 9.99991189e+01 1.20652254e-01 3.54063482e-01 6.14576720e-01
 9.99979801e+01 2.23475456e-01 4.46923807e-01 2.26879458e-01
 9.99999871e+01 6.12614416e-01 6.64792788e-01 2.06305596e-02
 5.16817471e+02 3.00000105e+02 2.99999829e+02 2.99999939e+02
 2.99999947e+02]"
50,45.23718378116492,434.76779684568163,"[1.00001067e+02 1.53939173e-01 3.42962277e-01 9.19825122e-01
 9.99994087e+01 2.52255036e-01 3.64786522e-01 7.51245284e-01
 1.00000120e+02 1.57784667e-01 3.40769543e-01 7.64584510e-01
 9.99991287e+01 1.21572080e-01 3.54634348e-01 6.14740856e-01
 9.99979912e+01 2.23442934e-01 4.46784287e-01 2.26704971e-01
 9.99999863e+01 6.12546426e-01 6.64681065e-01 2.06311245e-02
 5.16817532e+02 3.00000105e+02 2.99999830e+02 2.99999940e+02
 2.99999947e+02]"
51,44.91486156858284,267.64560391386027,"[1.00001080e+02 1.54497173e-01 3.43346764e-01 9.19986043e-01
 9.99994212e+01 2.52361206e-01 3.64556339e-01 7.51109846e-01
 1.00000157e+02 1.58916520e-01 3.41411029e-01 7.64691045e-01
 9.99991230e+01 1.21927863e-01 3.54324908e-01 6.14509318e-01
 9.99980087e+01 2.23151273e-01 4.46528065e-01 2.26697102e-01
 9.99999840e+01 6.12532309e-01 6.64731600e-01 2.08027754e-02
 5.16817594e+02 3.00000112e+02 2.99999829e+02 2.99999941e+02
 2.99999945e+02]"
52,44.33043296361031,206.51563952100494,"[1.00001128e+02 1.55263915e-01 3.43591707e-01 9.20577205e-01
 9.99994483e+01 2.52969427e-01 3.65101362e-01 7.50351490e-01
 1.00000245e+02 1.60677830e-01 3.42840022e-01 7.65596448e-01
 9.99991567e+01 1.23303852e-01 3.54169834e-01 6.14403878e-01
 9.99980360e+01 2.23674399e-01 4.46633067e-01 2.26426091e-01
 9.99999801e+01 6.12299346e-01 6.64723444e-01 2.10675202e-02
 5.16818158e+02 3.00000139e+02 2.99999834e+02 2.99999952e+02
 2.99999931e+02]"
53,43.7902074301974,181.08341611371242,"[1.00001101e+02 1.57970853e-01 3.41649382e-01 9.19718566e-01
 9.99994279e+01 2.52865529e-01 3.69037469e-01 7.49317723e-01
 1.00000425e+02 1.62173965e-01 3.44478296e-01 7.67688982e-01
 9.99991072e+01 1.24615011e-01 3.54340461e-01 6.14292831e-01
 9.99981996e+01 2.25051808e-01 4.47089844e-01 2.26412179e-01
 9.99999518e+01 6.11607536e-01 6.65221496e-01 1.99397023e-02
 5.16818535e+02 3.00000138e+02 2.99999802e+02 2.99999913e+02
 2.99999930e+02]"
54,42.15118739060296,402.7498997124126,"[1.00001132e+02 1.63790390e-01 3.36278089e-01 9.20065467e-01
 9.99993396e+01 2.55536622e-01 3.73398147e-01 7.48366678e-01
 1.00000323e+02 1.67466684e-01 3.46763122e-01 7.69437415e-01
 9.99991348e+01 1.30647803e-01 3.53304414e-01 6.15568626e-01
 9.99980452e+01 2.27240188e-01 4.47007547e-01 2.27616505e-01
 9.99999573e+01 6.12033835e-01 6.64459822e-01 1.89818774e-02
 5.16819906e+02 3.00000074e+02 2.99999830e+02 2.99999849e+02
 2.99999937e+02]"
55,41.23613242465535,711.4680169935788,"[1.00001234e+02 1.68500373e-01 3.19739132e-01 9.22206945e-01
 9.99992047e+01 2.53894631e-01 3.73121977e-01 7.44735865e-01
 1.00000070e+02 1.73781473e-01 3.50043680e-01 7.72676543e-01
 9.99993233e+01 1.43736788e-01 3.51192814e-01 6.20138888e-01
 9.99976928e+01 2.32202013e-01 4.47095390e-01 2.33420667e-01
 9.99999873e+01 6.12889144e-01 6.59429902e-01 1.99478922e-02
 5.16826304e+02 2.99999990e+02 2.99999919e+02 2.99999761e+02
 2.99999921e+02]"
56,39.09941535548039,342.82151000784,"[1.00000710e+02 1.72728935e-01 3.23475163e-01 9.17783702e-01
 9.99993901e+01 2.67764060e-01 3.89129950e-01 7.41547502e-01
 1.00000696e+02 1.71335574e-01 3.52529504e-01 7.70581045e-01
 9.99988666e+01 1.45884593e-01 3.58584119e-01 6.19224747e-01
 9.99986192e+01 2.39793778e-01 4.48670728e-01 2.28068952e-01
 9.99998909e+01 6.09078010e-01 6.60583204e-01 2.23525817e-02
 5.16825057e+02 3.00000018e+02 2.99999895e+02 2.99999732e+02
 2.99999955e+02]"
57,38.60071052316549,904.0895854405031,"[1.00000899e+02 1.94527327e-01 2.95680097e-01 9.14485125e-01
 9.99993527e+01 2.74542440e-01 4.14328229e-01 7.43817668e-01
 1.00000561e+02 1.79402124e-01 3.54410582e-01 7.82720840e-01
 9.99989356e+01 1.58620369e-01 3.63120367e-01 6.18365325e-01
 9.99983155e+01 2.56092686e-01 4.53594256e-01 2.31366383e-01
 9.99999436e+01 6.08377040e-01 6.56311715e-01 1.06133737e-02
 5.16824632e+02 2.99999654e+02 3.00000055e+02 2.99999266e+02
 2.99999952e+02]"
58,29.02759654483575,3865.4950824047155,"[1.00000847e+02 2.06982179e-01 3.01249698e-01 9.20778260e-01
 9.99999876e+01 2.89781577e-01 4.12410218e-01 7.52544336e-01
 9.99998762e+01 2.13593411e-01 3.57310616e-01 7.63695462e-01
 9.99992057e+01 1.73829019e-01 3.66387557e-01 6.07949586e-01
 9.99971569e+01 2.67910493e-01 4.56980171e-01 2.17538123e-01
 1.00000254e+02 6.09575979e-01 6.59772991e-01 1.11412605e-02
 5.16828586e+02 2.99999543e+02 3.00000691e+02 2.99999331e+02
 2.99999843e+02]"
59,29.02759654483575,4368.554390214349,"[1.00000847e+02 2.06982179e-01 3.01249698e-01 9.20778260e-01
 9.99999876e+01 2.89781577e-01 4.12410218e-01 7.52544336e-01
 9.99998762e+01 2.13593411e-01 3.57310616e-01 7.63695462e-01
 9.99992057e+01 1.73829019e-01 3.66387557e-01 6.07949586e-01
 9.99971569e+01 2.67910493e-01 4.56980171e-01 2.17538123e-01
 1.00000254e+02 6.09575979e-01 6.59772991e-01 1.11412605e-02
 5.16828586e+02 2.99999543e+02 3.00000691e+02 2.99999331e+02
 2.99999843e+02]"
60,28.714131432766127,4445.80718217391,"[1.00000818e+02 2.07504213e-01 2.98398315e-01 9.23121766e-01
 1.00000407e+02 2.93730317e-01 4.06957265e-01 7.50859645e-01
 1.00000706e+02 2.10204290e-01 3.58797755e-01 7.66526553e-01
 9.99992624e+01 1.76754714e-01 3.68237021e-01 6.04086233e-01
 9.99977922e+01 2.64712976e-01 4.55841277e-01 2.12436146e-01
 1.00000194e+02 6.06979806e-01 6.57979019e-01 1.05276733e-02
 5.16824679e+02 2.99999678e+02 3.00000650e+02 2.99999424e+02
 2.99999820e+02]"
61,26.8295626972975,279.1341505271525,"[1.00000852e+02 2.08584025e-01 2.97990462e-01 9.23513238e-01
 1.00000211e+02 2.94031121e-01 4.05757606e-01 7.49821750e-01
 1.00000958e+02 2.16429013e-01 3.62392277e-01 7.70239759e-01
 9.99993439e+01 1.83874854e-01 3.67810984e-01 6.08090598e-01
 9.99981441e+01 2.68952347e-01 4.57774624e-01 2.13933280e-01
 1.00000122e+02 6.04881463e-01 6.56980530e-01 7.73221560e-03
 5.16825794e+02 2.99999675e+02 3.00000520e+02 2.99999493e+02
 2.99999890e+02]"
62,26.579444350069974,585.8211525731386,"[1.00001105e+02 2.00780051e-01 2.94678144e-01 9.30540192e-01
 1.00000749e+02 2.96502859e-01 3.99558133e-01 7.49485093e-01
 1.00001303e+02 2.25740126e-01 3.62677022e-01 7.66781541e-01
 9.99997193e+01 2.02048799e-01 3.67477017e-01 6.03868129e-01
 9.99980279e+01 2.72050993e-01 4.57820785e-01 2.11363136e-01
 1.00000176e+02 6.03455848e-01 6.52052347e-01 4.41828844e-03
 5.16831581e+02 2.99999576e+02 3.00000695e+02 2.99999447e+02
 2.99999871e+02]"
63,26.579444350069974,1270.9218437910527,"[1.00001105e+02 2.00780051e-01 2.94678144e-01 9.30540192e-01
 1.00000749e+02 2.96502859e-01 3.99558133e-01 7.49485093e-01
 1.00001303e+02 2.25740126e-01 3.62677022e-01 7.66781541e-01
 9.99997193e+01 2.02048799e-01 3.67477017e-01 6.03868129e-01
 9.99980279e+01 2.72050993e-01 4.57820785e-01 2.11363136e-01
 1.00000176e+02 6.03455848e-01 6.52052347e-01 4.41828844e-03
 5.16831581e+02 2.99999576e+02 3.00000695e+02 2.99999447e+02
 2.99999871e+02]"
64,26.579444350069974,1368.657191181976,"[1.00001105e+02 2.00780051e-01 2.94678144e-01 9.30540192e-01
 1.00000749e+02 2.96502859e-01 3.99558133e-01 7.49485093e-01
 1.00001303e+02 2.25740126e-01 3.62677022e-01 7.66781541e-01
 9.99997193e+01 2.02048799e-01 3.67477017e-01 6.03868129e-01
 9.99980279e+01 2.72050993e-01 4.57820785e-01 2.11363136e-01
 1.00000176e+02 6.03455848e-01 6.52052347e-01 4.41828844e-03
 5.16831581e+02 2.99999576e+02 3.00000695e+02 2.99999447e+02
 2.99999871e+02]"
65,26.579444350069974,916.8631234230082,"[1.00001105e+02 2.00780051e-01 2.94678144e-01 9.30540192e-01
 1.00000749e+02 2.96502859e-01 3.99558133e-01 7.49485093e-01
 1.00001303e+02 2.25740126e-01 3.62677022e-01 7.66781541e-01
 9.99997193e+01 2.02048799e-01 3.67477017e-01 6.03868129e-01
 9.99980279e+01 2.72050993e-01 4.57820785e-01 2.11363136e-01
 1.00000176e+02 6.03455848e-01 6.52052347e-01 4.41828844e-03
 5.16831581e+02 2.99999576e+02 3.00000695e+02 2.99999447e+02
 2.99999871e+02]"
66,26.42050910466652,400.6034204078385,"[1.00001111e+02 2.01054898e-01 2.94808556e-01 9.30634603e-01
 1.00000753e+02 2.96512422e-01 3.99514264e-01 7.49439590e-01
 1.00001304e+02 2.25832758e-01 3.62671514e-01 7.66736571e-01
 9.99997194e+01 2.01990003e-01 3.67449038e-01 6.03805808e-01
 9.99980286e+01 2.72232383e-01 4.57918716e-01 2.11404025e-01
 1.00000176e+02 6.03425656e-01 6.52040611e-01 4.38189334e-03
 5.16831593e+02 2.99999576e+02 3.00000695e+02 2.99999447e+02
 2.99999871e+02]"
67,26.130653601407456,400.4989028305179,"[1.00001121e+02 2.01620371e-01 2.95047696e-01 9.30822159e-01
 1.00000761e+02 2.96533125e-01 3.99429051e-01 7.49361177e-01
 1.00001307e+02 2.26047881e-01 3.62663059e-01 7.66638590e-01
 9.99997201e+01 2.01903344e-01 3.67403666e-01 6.03681545e-01
 9.99980299e+01 2.72583404e-01 4.58105753e-01 2.11487996e-01
 1.00000176e+02 6.03364636e-01 6.52028992e-01 4.29932487e-03
 5.16831626e+02 2.99999576e+02 3.00000696e+02 2.99999446e+02
 2.99999870e+02]"
68,25.694338336534184,414.3439080651603,"[1.00001142e+02 2.02781222e-01 2.95390832e-01 9.31214707e-01
 1.00000787e+02 2.96590204e-01 3.99314530e-01 7.49347906e-01
 1.00001312e+02 2.26640881e-01 3.62586043e-01 7.66298898e-01
 9.99997267e+01 2.01960554e-01 3.67402281e-01 6.03362287e-01
 9.99980246e+01 2.73191063e-01 4.58405423e-01 2.11536121e-01
 1.00000176e+02 6.03258217e-01 6.52089317e-01 4.11069125e-03
 5.16831722e+02 2.99999574e+02 3.00000699e+02 2.99999444e+02
 2.99999870e+02]"
69,24.982420690694624,363.65191780350966,"[1.00001198e+02 2.04589661e-01 2.96214751e-01 9.31981679e-01
 1.00000838e+02 2.96910637e-01 3.99466256e-01 7.49165259e-01
 1.00001360e+02 2.27652605e-01 3.62939818e-01 7.66074325e-01
 9.99997416e+01 2.01492394e-01 3.66942942e-01 6.02664539e-01
 9.99980446e+01 2.74894041e-01 4.59178225e-01 2.12132804e-01
 1.00000176e+02 6.02926783e-01 6.51733434e-01 4.02535335e-03
 5.16831557e+02 2.99999581e+02 3.00000707e+02 2.99999444e+02
 2.99999863e+02]"
70,24.407747910150892,328.87289854731233,"[1.00001293e+02 2.06430246e-01 2.98622520e-01 9.32879378e-01
 1.00001073e+02 2.99783357e-01 4.00558036e-01 7.49199467e-01
 1.00001770e+02 2.29142041e-01 3.63535731e-01 7.64536956e-01
 9.99997746e+01 1.98697590e-01 3.68208978e-01 6.01602435e-01
 9.99983280e+01 2.75364804e-01 4.59281867e-01 2.13673853e-01
 1.00000117e+02 6.01570436e-01 6.53170936e-01 3.45709915e-03
 5.16830256e+02 2.99999682e+02 3.00000619e+02 2.99999518e+02
 2.99999857e+02]"
71,23.13745688715105,185.21663567403888,"[1.00001254e+02 2.06178157e-01 3.04157533e-01 9.32859412e-01
 1.00001172e+02 3.06186672e-01 4.04943228e-01 7.49778224e-01
 1.00001709e+02 2.29599142e-01 3.62687566e-01 7.62820077e-01
 9.99997683e+01 2.02238272e-01 3.71071530e-01 6.02131135e-01
 9.99984488e+01 2.82193395e-01 4.61761259e-01 2.13125822e-01
 1.00000099e+02 6.00272186e-01 6.52343975e-01 1.90410958e-03
 5.16831301e+02 2.99999634e+02 3.00000614e+02 2.99999488e+02
 2.99999891e+02]"
72,23.13745688715105,323.44702153117305,"[1.00001254e+02 2.06178157e-01 3.04157533e-01 9.32859412e-01
 1.00001172e+02 3.06186672e-01 4.04943228e-01 7.49778224e-01
 1.00001709e+02 2.29599142e-01 3.62687566e-01 7.62820077e-01
 9.99997683e+01 2.02238272e-01 3.71071530e-01 6.02131135e-01
 9.99984488e+01 2.82193395e-01 4.61761259e-01 2.13125822e-01
 1.00000099e+02 6.00272186e-01 6.52343975e-01 1.90410958e-03
 5.16831301e+02 2.99999634e+02 3.00000614e+02 2.99999488e+02
 2.99999891e+02]"
73,23.13745688715105,210.9142886835667,"[1.00001254e+02 2.06178157e-01 3.04157533e-01 9.32859412e-01
 1.00001172e+02 3.06186672e-01 4.04943228e-01 7.49778224e-01
 1.00001709e+02 2.29599142e-01 3.62687566e-01 7.62820077e-01
 9.99997683e+01 2.02238272e-01 3.71071530e-01 6.02131135e-01
 9.99984488e+01 2.82193395e-01 4.61761259e-01 2.13125822e-01
 1.00000099e+02 6.00272186e-01 6.52343975e-01 1.90410958e-03
 5.16831301e+02 2.99999634e+02 3.00000614e+02 2.99999488e+02
 2.99999891e+02]"
74,23.13745688715105,178.53180618403442,"[1.00001254e+02 2.06178157e-01 3.04157533e-01 9.32859412e-01
 1.00001172e+02 3.06186672e-01 4.04943228e-01 7.49778224e-01
 1.00001709e+02 2.29599142e-01 3.62687566e-01 7.62820077e-01
 9.99997683e+01 2.02238272e-01 3.71071530e-01 6.02131135e-01
 9.99984488e+01 2.82193395e-01 4.61761259e-01 2.13125822e-01
 1.00000099e+02 6.00272186e-01 6.52343975e-01 1.90410958e-03
 5.16831301e+02 2.99999634e+02 3.00000614e+02 2.99999488e+02
 2.99999891e+02]"
75,23.13745688715105,370.01534528719606,"[1.00001254e+02 2.06178157e-01 3.04157533e-01 9.32859412e-01
 1.00001172e+02 3.06186672e-01 4.04943228e-01 7.49778224e-01
 1.00001709e+02 2.29599142e-01 3.62687566e-01 7.62820077e-01
 9.99997683e+01 2.02238272e-01 3.71071530e-01 6.02131135e-01
 9.99984488e+01 2.82193395e-01 4.61761259e-01 2.13125822e-01
 1.00000099e+02 6.00272186e-01 6.52343975e-01 1.90410958e-03
 5.16831301e+02 2.99999634e+02 3.00000614e+02 2.99999488e+02
 2.99999891e+02]"
76,23.117312295429482,234.02866334606833,"[1.00001255e+02 2.06211464e-01 3.04202726e-01 9.32877863e-01
 1.00001171e+02 3.06167179e-01 4.04913396e-01 7.49748193e-01
 1.00001710e+02 2.29630190e-01 3.62710139e-01 7.62838605e-01
 9.99997685e+01 2.02216055e-01 3.71060155e-01 6.02128626e-01
 9.99984489e+01 2.82228336e-01 4.61780645e-01 2.13150669e-01
 1.00000099e+02 6.00268441e-01 6.52326229e-01 1.90178984e-03
 5.16831295e+02 2.99999634e+02 3.00000614e+02 2.99999488e+02
 2.99999891e+02]"
77,23.075254033175398,223.38196514790303,"[1.00001257e+02 2.06291016e-01 3.04286253e-01 9.32917554e-01
 1.00001170e+02 3.06126798e-01 4.04856485e-01 7.49688249e-01
 1.00001711e+02 2.29709904e-01 3.62760250e-01 7.62872698e-01
 9.99997690e+01 2.02194049e-01 3.71043415e-01 6.02120666e-01
 9.99984494e+01 2.82298180e-01 4.61816310e-01 2.13187264e-01
 1.00000099e+02 6.00258476e-01 6.52296818e-01 1.89456154e-03
 5.16831289e+02 2.99999634e+02 3.00000614e+02 2.99999488e+02
 2.99999891e+02]"
78,22.998404591502812,280.9014739175964,"[1.00001261e+02 2.06500568e-01 3.04339801e-01 9.32977959e-01
 1.00001170e+02 3.06048749e-01 4.04802704e-01 7.49611549e-01
 1.00001716e+02 2.29951793e-01 3.62861736e-01 7.62893311e-01
 9.99997700e+01 2.02346050e-01 3.71080990e-01 6.02093531e-01
 9.99984518e+01 2.82376167e-01 4.61832136e-01 2.13134740e-01
 1.00000099e+02 6.00230288e-01 6.52308307e-01 1.86414570e-03
 5.16831305e+02 2.99999634e+02 3.00000615e+02 2.99999488e+02
 2.99999891e+02]"
79,22.86160559522669,232.31358788767653,"[1.00001270e+02 2.06890118e-01 3.04454946e-01 9.33154675e-01
 1.00001178e+02 3.05892755e-01 4.04754872e-01 7.49471015e-01
 1.00001729e+02 2.30468651e-01 3.63055265e-01 7.62864819e-01
 9.99997728e+01 2.02573427e-01 3.71073120e-01 6.01963206e-01
 9.99984556e+01 2.82612377e-01 4.61885218e-01 2.13157976e-01
 1.00000098e+02 6.00177201e-01 6.52280286e-01 1.82978922e-03
 5.16831360e+02 2.99999636e+02 3.00000616e+02 2.99999490e+02
 2.99999890e+02]"
80,22.675297018437615,185.546601093347,"[1.00001300e+02 2.07122442e-01 3.05278009e-01 9.33709076e-01
 1.00001207e+02 3.05958140e-01 4.04449159e-01 7.49136467e-01
 1.00001784e+02 2.31374076e-01 3.63434692e-01 7.62625164e-01
 9.99997872e+01 2.02606091e-01 3.70905758e-01 6.01719403e-01
 9.99984929e+01 2.83086096e-01 4.62091839e-01 2.13268663e-01
 1.00000089e+02 5.99907287e-01 6.52268142e-01 1.73396202e-03
 5.16831260e+02 2.99999646e+02 3.00000607e+02 2.99999501e+02
 2.99999892e+02]"
81,22.29562042506693,121.90547459927541,"[1.00001307e+02 2.07452692e-01 3.05518597e-01 9.34119573e-01
 1.00001193e+02 3.06804578e-01 4.04574999e-01 7.48292411e-01
 1.00001755e+02 2.33055513e-01 3.64103791e-01 7.62850385e-01
 9.99998047e+01 2.04460192e-01 3.70973400e-01 6.01984535e-01
 9.99984703e+01 2.84454442e-01 4.62560988e-01 2.13200376e-01
 1.00000090e+02 5.99788714e-01 6.51916960e-01 1.43890954e-03
 5.16831317e+02 2.99999634e+02 3.00000629e+02 2.99999487e+02
 2.99999890e+02]"
82,21.86810311245116,164.27302352458202,"[1.00001365e+02 2.05266551e-01 3.08252204e-01 9.36430449e-01
 1.00001301e+02 3.08269792e-01 4.02726289e-01 7.48162735e-01
 1.00001840e+02 2.34353224e-01 3.63998832e-01 7.60399905e-01
 9.99998567e+01 2.06475206e-01 3.69787890e-01 6.01559981e-01
 9.99985838e+01 2.86456288e-01 4.63395723e-01 2.12473673e-01
 1.00000075e+02 5.98820818e-01 6.51165365e-01 1.18737747e-03
 5.16831971e+02 2.99999643e+02 3.00000615e+02 2.99999534e+02
 2.99999911e+02]"
83,21.312671539932992,97.50480374151196,"[1.00001437e+02 1.99917502e-01 3.15448850e-01 9.39317079e-01
 1.00001366e+02 3.09489960e-01 4.01058155e-01 7.49069031e-01
 1.00001649e+02 2.36225949e-01 3.62779538e-01 7.55620029e-01
 9.99999566e+01 2.11111791e-01 3.67322288e-01 6.01751739e-01
 9.99984702e+01 2.90253252e-01 4.64536261e-01 2.10539425e-01
 1.00000082e+02 5.98407877e-01 6.50388446e-01 4.38704790e-04
 5.16834203e+02 2.99999585e+02 3.00000644e+02 2.99999541e+02
 2.99999942e+02]"
84,21.248112296144075,816.0926191696719,"[1.00001588e+02 1.87757841e-01 3.25502125e-01 9.45121823e-01
 1.00001263e+02 3.11833302e-01 3.90928257e-01 7.47591479e-01
 1.00001309e+02 2.39162134e-01 3.61275021e-01 7.46436620e-01
 1.00000030e+02 2.16877983e-01 3.57028457e-01 6.05002989e-01
 9.99983571e+01 2.96670059e-01 4.66889398e-01 2.12116710e-01
 1.00000046e+02 5.98210859e-01 6.48209427e-01 2.67665682e-03
 5.16836058e+02 2.99999567e+02 3.00000543e+02 2.99999663e+02
 3.00000027e+02]"
85,21.248112296144075,1702.497916763922,"[1.00001588e+02 1.87757841e-01 3.25502125e-01 9.45121823e-01
 1.00001263e+02 3.11833302e-01 3.90928257e-01 7.47591479e-01
 1.00001309e+02 2.39162134e-01 3.61275021e-01 7.46436620e-01
 1.00000030e+02 2.16877983e-01 3.57028457e-01 6.05002989e-01
 9.99983571e+01 2.96670059e-01 4.66889398e-01 2.12116710e-01
 1.00000046e+02 5.98210859e-01 6.48209427e-01 2.67665682e-03
 5.16836058e+02 2.99999567e+02 3.00000543e+02 2.99999663e+02
 3.00000027e+02]"
86,20.618853856531477,514.7549643098955,"[1.00001594e+02 1.90533728e-01 3.26438841e-01 9.45581079e-01
 1.00001146e+02 3.09257266e-01 3.89448341e-01 7.46283673e-01
 1.00001279e+02 2.42256812e-01 3.63215986e-01 7.46901629e-01
 1.00000030e+02 2.18903741e-01 3.55699218e-01 6.05493957e-01
 9.99982969e+01 2.95136414e-01 4.65974521e-01 2.12074437e-01
 1.00000036e+02 5.98609727e-01 6.48691821e-01 3.15095508e-03
 5.16835080e+02 2.99999555e+02 3.00000520e+02 2.99999663e+02
 3.00000040e+02]"
87,20.618853856531477,487.2323378393045,"[1.00001594e+02 1.90533728e-01 3.26438841e-01 9.45581079e-01
 1.00001146e+02 3.09257266e-01 3.89448341e-01 7.46283673e-01
 1.00001279e+02 2.42256812e-01 3.63215986e-01 7.46901629e-01
 1.00000030e+02 2.18903741e-01 3.55699218e-01 6.05493957e-01
 9.99982969e+01 2.95136414e-01 4.65974521e-01 2.12074437e-01
 1.00000036e+02 5.98609727e-01 6.48691821e-01 3.15095508e-03
 5.16835080e+02 2.99999555e+02 3.00000520e+02 2.99999663e+02
 3.00000040e+02]"
88,20.618853856531477,499.91107676354466,"[1.00001594e+02 1.90533728e-01 3.26438841e-01 9.45581079e-01
 1.00001146e+02 3.09257266e-01 3.89448341e-01 7.46283673e-01
 1.00001279e+02 2.42256812e-01 3.63215986e-01 7.46901629e-01
 1.00000030e+02 2.18903741e-01 3.55699218e-01 6.05493957e-01
 9.99982969e+01 2.95136414e-01 4.65974521e-01 2.12074437e-01
 1.00000036e+02 5.98609727e-01 6.48691821e-01 3.15095508e-03
 5.16835080e+02 2.99999555e+02 3.00000520e+02 2.99999663e+02
 3.00000040e+02]"
89,20.618853856531477,348.58406807808586,"[1.00001594e+02 1.90533728e-01 3.26438841e-01 9.45581079e-01
 1.00001146e+02 3.09257266e-01 3.89448341e-01 7.46283673e-01
 1.00001279e+02 2.42256812e-01 3.63215986e-01 7.46901629e-01
 1.00000030e+02 2.18903741e-01 3.55699218e-01 6.05493957e-01
 9.99982969e+01 2.95136414e-01 4.65974521e-01 2.12074437e-01
 1.00000036e+02 5.98609727e-01 6.48691821e-01 3.15095508e-03
 5.16835080e+02 2.99999555e+02 3.00000520e+02 2.99999663e+02
 3.00000040e+02]"
90,20.618853856531477,476.3528095544318,"[1.00001594e+02 1.90533728e-01 3.26438841e-01 9.45581079e-01
 1.00001146e+02 3.09257266e-01 3.89448341e-01 7.46283673e-01
 1.00001279e+02 2.42256812e-01 3.63215986e-01 7.46901629e-01
 1.00000030e+02 2.18903741e-01 3.55699218e-01 6.05493957e-01
 9.99982969e+01 2.95136414e-01 4.65974521e-01 2.12074437e-01
 1.00000036e+02 5.98609727e-01 6.48691821e-01 3.15095508e-03
 5.16835080e+02 2.99999555e+02 3.00000520e+02 2.99999663e+02
 3.00000040e+02]"
91,20.608554958821045,206.29627802588809,"[1.00001594e+02 1.90522451e-01 3.26435884e-01 9.45582002e-01
 1.00001147e+02 3.09289278e-01 3.89464910e-01 7.46286538e-01
 1.00001278e+02 2.42252276e-01 3.63207614e-01 7.46893293e-01
 1.00000031e+02 2.18931830e-01 3.55713875e-01 6.05499626e-01
 9.99982970e+01 2.95136771e-01 4.65970903e-01 2.12070742e-01
 1.00000036e+02 5.98608167e-01 6.48690561e-01 3.15041586e-03
 5.16835080e+02 2.99999555e+02 3.00000520e+02 2.99999663e+02
 3.00000040e+02]"
92,20.58833507639368,205.42951400894498,"[1.00001594e+02 1.90499919e-01 3.26430305e-01 9.45584167e-01
 1.00001149e+02 3.09353565e-01 3.89497857e-01 7.46292194e-01
 1.00001278e+02 2.42243346e-01 3.63190966e-01 7.46876677e-01
 1.00000031e+02 2.18988122e-01 3.55742785e-01 6.05510969e-01
 9.99982971e+01 2.95137684e-01 4.65963864e-01 2.12063189e-01
 1.00000036e+02 5.98604921e-01 6.48688096e-01 3.14896827e-03
 5.16835081e+02 2.99999555e+02 3.00000520e+02 2.99999664e+02
 3.00000040e+02]"
93,20.549425901228336,203.5429481065907,"[1.00001593e+02 1.90454372e-01 3.26419600e-01 9.45589317e-01
 1.00001152e+02 3.09481711e-01 3.89564152e-01 7.46304161e-01
 1.00001278e+02 2.42224913e-01 3.63157037e-01 7.46842083e-01
 1.00000033e+02 2.19100002e-01 3.55800360e-01 6.05533729e-01
 9.99982972e+01 2.95140606e-01 4.65950660e-01 2.12047257e-01
 1.00000036e+02 5.98598772e-01 6.48681014e-01 3.14652368e-03
 5.16835080e+02 2.99999555e+02 3.00000520e+02 2.99999664e+02
 3.00000040e+02]"
94,20.47789960683574,195.53365627277347,"[1.00001592e+02 1.90369738e-01 3.26420740e-01 9.45598523e-01
 1.00001157e+02 3.09738491e-01 3.89703040e-01 7.46326949e-01
 1.00001274e+02 2.42185804e-01 3.63082417e-01 7.46755398e-01
 1.00000038e+02 2.19314152e-01 3.55914028e-01 6.05590245e-01
 9.99982950e+01 2.95153356e-01 4.65925316e-01 2.12028061e-01
 1.00000036e+02 5.98596046e-01 6.48667844e-01 3.14120637e-03
 5.16835081e+02 2.99999556e+02 3.00000520e+02 2.99999664e+02
 3.00000040e+02]"
95,20.357884151476583,191.43860893954016,"[1.00001589e+02 1.90195335e-01 3.26408542e-01 9.45621933e-01
 1.00001168e+02 3.10246451e-01 3.89980084e-01 7.46377444e-01
 1.00001267e+02 2.42126174e-01 3.62940767e-01 7.46583276e-01
 1.00000047e+02 2.19748620e-01 3.56141569e-01 6.05705652e-01
 9.99982900e+01 2.95197529e-01 4.65882176e-01 2.11974974e-01
 1.00000035e+02 5.98587796e-01 6.48629658e-01 3.12951252e-03
 5.16835080e+02 2.99999556e+02 3.00000520e+02 2.99999664e+02
 3.00000040e+02]"
96,20.15829339955078,130.3336774624379,"[1.00001584e+02 1.90275312e-01 3.26693675e-01 9.45809799e-01
 1.00001188e+02 3.11206699e-01 3.90500225e-01 7.46297073e-01
 1.00001242e+02 2.42413031e-01 3.62791118e-01 7.46121583e-01
 1.00000068e+02 2.20611465e-01 3.56547234e-01 6.05927040e-01
 9.99982693e+01 2.95517879e-01 4.65882898e-01 2.11898752e-01
 1.00000034e+02 5.98573342e-01 6.48478243e-01 3.06401872e-03
 5.16835053e+02 2.99999555e+02 3.00000520e+02 2.99999661e+02
 3.00000040e+02]"
97,19.897460345624918,134.41478365146244,"[1.00001590e+02 1.89802565e-01 3.27197000e-01 9.46089144e-01
 1.00001211e+02 3.13219000e-01 3.91111264e-01 7.46044342e-01
 1.00001248e+02 2.43016300e-01 3.62576256e-01 7.45924193e-01
 1.00000080e+02 2.22506552e-01 3.56900681e-01 6.06204896e-01
 9.99983051e+01 2.96295138e-01 4.65996966e-01 2.11635736e-01
 1.00000027e+02 5.98310442e-01 6.47794986e-01 2.58582104e-03
 5.16835509e+02 2.99999529e+02 3.00000506e+02 2.99999643e+02
 3.00000055e+02]"
98,19.897460345624918,146.8053937628915,"[1.00001590e+02 1.89802565e-01 3.27197000e-01 9.46089144e-01
 1.00001211e+02 3.13219000e-01 3.91111264e-01 7.46044342e-01
 1.00001248e+02 2.43016300e-01 3.62576256e-01 7.45924193e-01
 1.00000080e+02 2.22506552e-01 3.56900681e-01 6.06204896e-01
 9.99983051e+01 2.96295138e-01 4.65996966e-01 2.11635736e-01
 1.00000027e+02 5.98310442e-01 6.47794986e-01 2.58582104e-03
 5.16835509e+02 2.99999529e+02 3.00000506e+02 2.99999643e+02
 3.00000055e+02]"
99,19.861660368152478,147.47432657373562,"[1.00001595e+02 1.89467424e-01 3.27353459e-01 9.46214155e-01
 1.00001222e+02 3.14220374e-01 3.91283329e-01 7.45773364e-01
 1.00001245e+02 2.43071034e-01 3.62311678e-01 7.45926960e-01
 1.00000085e+02 2.23388204e-01 3.57037139e-01 6.06319332e-01
 9.99983127e+01 2.96710959e-01 4.66007909e-01 2.11475780e-01
 1.00000025e+02 5.98236392e-01 6.47275466e-01 2.42300872e-03
 5.16835817e+02 2.99999511e+02 3.00000502e+02 2.99999624e+02
 3.00000061e+02]"
100,19.861660368152478,160.03373923132918,"[1.00001595e+02 1.89467424e-01 3.27353459e-01 9.46214155e-01
 1.00001222e+02 3.14220374e-01 3.91283329e-01 7.45773364e-01
 1.00001245e+02 2.43071034e-01 3.62311678e-01 7.45926960e-01
 1.00000085e+02 2.23388204e-01 3.57037139e-01 6.06319332e-01
 9.99983127e+01 2.96710959e-01 4.66007909e-01 2.11475780e-01
 1.00000025e+02 5.98236392e-01 6.47275466e-01 2.42300872e-03
 5.16835817e+02 2.99999511e+02 3.00000502e+02 2.99999624e+02
 3.00000061e+02]"
101,19.74260143598409,301.19697015940494,"[1.00001604e+02 1.89982416e-01 3.27565115e-01 9.46338337e-01
 1.00001219e+02 3.13947701e-01 3.91140866e-01 7.45590160e-01
 1.00001251e+02 2.43480172e-01 3.62524816e-01 7.46001544e-01
 1.00000085e+02 2.23356812e-01 3.57018718e-01 6.06266075e-01
 9.99983125e+01 2.96749544e-01 4.66028681e-01 2.11496363e-01
 1.00000024e+02 5.98221628e-01 6.47308108e-01 2.42027903e-03
 5.16835752e+02 2.99999512e+02 3.00000502e+02 2.99999625e+02
 3.00000061e+02]"
102,19.640448629770642,272.0198372579424,"[1.00001624e+02 1.90939370e-01 3.27971132e-01 9.46575090e-01
 1.00001210e+02 3.13563516e-01 3.90864076e-01 7.45303251e-01
 1.00001263e+02 2.44448631e-01 3.62975571e-01 7.46092630e-01
 1.00000089e+02 2.23227850e-01 3.56869013e-01 6.06195189e-01
 9.99983120e+01 2.96792426e-01 4.66051755e-01 2.11618725e-01
 1.00000022e+02 5.98197231e-01 6.47450030e-01 2.41526778e-03
 5.16835505e+02 2.99999516e+02 3.00000497e+02 2.99999631e+02
 3.00000062e+02]"
103,19.640448629770642,256.2085785444163,"[1.00001624e+02 1.90939370e-01 3.27971132e-01 9.46575090e-01
 1.00001210e+02 3.13563516e-01 3.90864076e-01 7.45303251e-01
 1.00001263e+02 2.44448631e-01 3.62975571e-01 7.46092630e-01
 1.00000089e+02 2.23227850e-01 3.56869013e-01 6.06195189e-01
 9.99983120e+01 2.96792426e-01 4.66051755e-01 2.11618725e-01
 1.00000022e+02 5.98197231e-01 6.47450030e-01 2.41526778e-03
 5.16835505e+02 2.99999516e+02 3.00000497e+02 2.99999631e+02
 3.00000062e+02]"
104,19.640448629770642,255.69035047494506,"[1.00001624e+02 1.90939370e-01 3.27971132e-01 9.46575090e-01
 1.00001210e+02 3.13563516e-01 3.90864076e-01 7.45303251e-01
 1.00001263e+02 2.44448631e-01 3.62975571e-01 7.46092630e-01
 1.00000089e+02 2.23227850e-01 3.56869013e-01 6.06195189e-01
 9.99983120e+01 2.96792426e-01 4.66051755e-01 2.11618725e-01
 1.00000022e+02 5.98197231e-01 6.47450030e-01 2.41526778e-03
 5.16835505e+02 2.99999516e+02 3.00000497e+02 2.99999631e+02
 3.00000062e+02]"
105,19.640448629770642,255.8712964666665,"[1.00001624e+02 1.90939370e-01 3.27971132e-01 9.46575090e-01
 1.00001210e+02 3.13563516e-01 3.90864076e-01 7.45303251e-01
 1.00001263e+02 2.44448631e-01 3.62975571e-01 7.46092630e-01
 1.00000089e+02 2.23227850e-01 3.56869013e-01 6.06195189e-01
 9.99983120e+01 2.96792426e-01 4.66051755e-01 2.11618725e-01
 1.00000022e+02 5.98197231e-01 6.47450030e-01 2.41526778e-03
 5.16835505e+02 2.99999516e+02 3.00000497e+02 2.99999631e+02
 3.00000062e+02]"
106,19.63493564006794,103.98915057831763,"[1.00001624e+02 1.90938436e-01 3.27978927e-01 9.46581018e-01
 1.00001211e+02 3.13591960e-01 3.90881162e-01 7.45300456e-01
 1.00001262e+02 2.44471272e-01 3.62977418e-01 7.46082135e-01
 1.00000090e+02 2.23248846e-01 3.56877846e-01 6.06200630e-01
 9.99983112e+01 2.96808601e-01 4.66054990e-01 2.11618380e-01
 1.00000022e+02 5.98196807e-01 6.47446613e-01 2.41277328e-03
 5.16835505e+02 2.99999516e+02 3.00000497e+02 2.99999631e+02
 3.00000062e+02]"
107,19.62381928952907,104.11601242293611,"[1.00001624e+02 1.90934013e-01 3.27991882e-01 9.46593236e-01
 1.00001212e+02 3.13650307e-01 3.90913519e-01 7.45294672e-01
 1.00001261e+02 2.44515556e-01 3.62981388e-01 7.46064861e-01
 1.00000091e+02 2.23293931e-01 3.56895936e-01 6.06209653e-01
 9.99983099e+01 2.96840123e-01 4.66061499e-01 2.11616784e-01
 1.00000022e+02 5.98194685e-01 6.47438146e-01 2.40829427e-03
 5.16835502e+02 2.99999516e+02 3.00000497e+02 2.99999631e+02
 3.00000062e+02]"
108,19.601487215740427,114.2888692702449,"[1.00001624e+02 1.90917660e-01 3.28003297e-01 9.46616213e-01
 1.00001215e+02 3.13771938e-01 3.90966978e-01 7.45278234e-01
 1.00001262e+02 2.44596635e-01 3.62992283e-01 7.46050153e-01
 1.00000093e+02 2.23402119e-01 3.56940241e-01 6.06214950e-01
 9.99983109e+01 2.96889381e-01 4.66068875e-01 2.11609827e-01
 1.00000022e+02 5.98178566e-01 6.47417981e-01 2.39857962e-03
 5.16835502e+02 2.99999516e+02 3.00000498e+02 2.99999631e+02
 3.00000062e+02]"
109,19.558055620318612,115.59192012977663,"[1.00001624e+02 1.90885953e-01 3.28031050e-01 9.46660816e-01
 1.00001221e+02 3.14016506e-01 3.91069878e-01 7.45244332e-01
 1.00001265e+02 2.44754473e-01 3.63008462e-01 7.46020472e-01
 1.00000096e+02 2.23621364e-01 3.57024763e-01 6.06229100e-01
 9.99983131e+01 2.96991220e-01 4.66083307e-01 2.11598918e-01
 1.00000021e+02 5.98146562e-01 6.47374109e-01 2.37706006e-03
 5.16835511e+02 2.99999516e+02 3.00000498e+02 2.99999631e+02
 3.00000062e+02]"
110,19.476446135187413,116.03634299336916,"[1.00001624e+02 1.90813481e-01 3.28089086e-01 9.46747413e-01
 1.00001230e+02 3.14508744e-01 3.91260143e-01 7.45169786e-01
 1.00001266e+02 2.45062200e-01 3.63024368e-01 7.45963817e-01
 1.00000103e+02 2.24062184e-01 3.57175609e-01 6.06274346e-01
 9.99983150e+01 2.97208694e-01 4.66116802e-01 2.11569675e-01
 1.00000021e+02 5.98091669e-01 6.47266663e-01 2.33131260e-03
 5.16835536e+02 2.99999514e+02 3.00000498e+02 2.99999629e+02
 3.00000063e+02]"
111,19.308324664986728,110.27142931668239,"[1.00001627e+02 1.91254645e-01 3.28407904e-01 9.46996307e-01
 1.00001243e+02 3.15124859e-01 3.91619378e-01 7.45017951e-01
 1.00001249e+02 2.46006084e-01 3.63216589e-01 7.45711355e-01
 1.00000119e+02 2.24707858e-01 3.57328558e-01 6.06303497e-01
 9.99982947e+01 2.97805573e-01 4.66285065e-01 2.11512788e-01
 1.00000021e+02 5.98043777e-01 6.47159659e-01 2.22588336e-03
 5.16835530e+02 2.99999512e+02 3.00000502e+02 2.99999626e+02
 3.00000063e+02]"
112,19.135540738398245,125.3804178940212,"[1.00001659e+02 1.92389859e-01 3.29426813e-01 9.47616615e-01
 1.00001217e+02 3.15681337e-01 3.92864617e-01 7.45352987e-01
 1.00001039e+02 2.47387726e-01 3.63428130e-01 7.44720411e-01
 1.00000211e+02 2.25002815e-01 3.56829922e-01 6.06885640e-01
 9.99980529e+01 2.99144980e-01 4.66597383e-01 2.11311091e-01
 1.00000033e+02 5.98697097e-01 6.46928864e-01 2.17830369e-03
 5.16835178e+02 2.99999500e+02 3.00000499e+02 2.99999611e+02
 3.00000057e+02]"
113,18.531412768555573,111.47981695768969,"[1.00001699e+02 1.93061734e-01 3.29840602e-01 9.47916767e-01
 1.00001299e+02 3.18752935e-01 3.94800039e-01 7.45010931e-01
 1.00001172e+02 2.50039577e-01 3.63730683e-01 7.44928702e-01
 1.00000236e+02 2.28682942e-01 3.56099738e-01 6.07572860e-01
 9.99981952e+01 3.00644965e-01 4.65945502e-01 2.10800687e-01
 9.99999738e+01 5.97831473e-01 6.45461328e-01 7.25448392e-04
 5.16835291e+02 2.99999386e+02 3.00000385e+02 2.99999484e+02
 3.00000117e+02]"
114,17.877771834254897,166.8293689138283,"[ 1.00001894e+02  1.92954884e-01  3.28497387e-01  9.49173602e-01
  1.00001561e+02  3.23937801e-01  3.98306571e-01  7.39894409e-01
  1.00001622e+02  2.54072663e-01  3.62962010e-01  7.42596224e-01
  1.00000128e+02  2.34427676e-01  3.53030097e-01  6.05669839e-01
  9.99985349e+01  3.04303650e-01  4.64804012e-01  2.08371741e-01
  9.99998391e+01  5.96006634e-01  6.42369891e-01 -1.15526212e-03
  5.16835860e+02  2.99999105e+02  3.00000176e+02  2.99999147e+02
  3.00000235e+02]"
115,17.877771834254897,570.0732468581881,"[ 1.00001894e+02  1.92954884e-01  3.28497387e-01  9.49173602e-01
  1.00001561e+02  3.23937801e-01  3.98306571e-01  7.39894409e-01
  1.00001622e+02  2.54072663e-01  3.62962010e-01  7.42596224e-01
  1.00000128e+02  2.34427676e-01  3.53030097e-01  6.05669839e-01
  9.99985349e+01  3.04303650e-01  4.64804012e-01  2.08371741e-01
  9.99998391e+01  5.96006634e-01  6.42369891e-01 -1.15526212e-03
  5.16835860e+02  2.99999105e+02  3.00000176e+02  2.99999147e+02
  3.00000235e+02]"
116,17.626499609672678,359.04882822429306,"[ 1.00001986e+02  1.95463405e-01  3.29281946e-01  9.48758045e-01
  1.00001473e+02  3.24469986e-01  4.00051735e-01  7.36346120e-01
  1.00001449e+02  2.55691504e-01  3.63041219e-01  7.40634691e-01
  9.99999567e+01  2.32781414e-01  3.51620898e-01  6.03707001e-01
  9.99984159e+01  3.05237790e-01  4.64441893e-01  2.06540778e-01
  9.99998480e+01  5.96345492e-01  6.41739633e-01 -1.18448072e-03
  5.16835048e+02  2.99998861e+02  3.00000210e+02  2.99998863e+02
  3.00000277e+02]"
117,17.626499609672678,645.193302922222,"[ 1.00001986e+02  1.95463405e-01  3.29281946e-01  9.48758045e-01
  1.00001473e+02  3.24469986e-01  4.00051735e-01  7.36346120e-01
  1.00001449e+02  2.55691504e-01  3.63041219e-01  7.40634691e-01
  9.99999567e+01  2.32781414e-01  3.51620898e-01  6.03707001e-01
  9.99984159e+01  3.05237790e-01  4.64441893e-01  2.06540778e-01
  9.99998480e+01  5.96345492e-01  6.41739633e-01 -1.18448072e-03
  5.16835048e+02  2.99998861e+02  3.00000210e+02  2.99998863e+02
  3.00000277e+02]"
118,17.626499609672678,481.4510880626302,"[ 1.00001986e+02  1.95463405e-01  3.29281946e-01  9.48758045e-01
  1.00001473e+02  3.24469986e-01  4.00051735e-01  7.36346120e-01
  1.00001449e+02  2.55691504e-01  3.63041219e-01  7.40634691e-01
  9.99999567e+01  2.32781414e-01  3.51620898e-01  6.03707001e-01
  9.99984159e+01  3.05237790e-01  4.64441893e-01  2.06540778e-01
  9.99998480e+01  5.96345492e-01  6.41739633e-01 -1.18448072e-03
  5.16835048e+02  2.99998861e+02  3.00000210e+02  2.99998863e+02
  3.00000277e+02]"
119,17.626499609672678,447.1429347465131,"[ 1.00001986e+02  1.95463405e-01  3.29281946e-01  9.48758045e-01
  1.00001473e+02  3.24469986e-01  4.00051735e-01  7.36346120e-01
  1.00001449e+02  2.55691504e-01  3.63041219e-01  7.40634691e-01
  9.99999567e+01  2.32781414e-01  3.51620898e-01  6.03707001e-01
  9.99984159e+01  3.05237790e-01  4.64441893e-01  2.06540778e-01
  9.99998480e+01  5.96345492e-01  6.41739633e-01 -1.18448072e-03
  5.16835048e+02  2.99998861e+02  3.00000210e+02  2.99998863e+02
  3.00000277e+02]"
120,17.626499609672678,537.8936644091184,"[ 1.00001986e+02  1.95463405e-01  3.29281946e-01  9.48758045e-01
  1.00001473e+02  3.24469986e-01  4.00051735e-01  7.36346120e-01
  1.00001449e+02  2.55691504e-01  3.63041219e-01  7.40634691e-01
  9.99999567e+01  2.32781414e-01  3.51620898e-01  6.03707001e-01
  9.99984159e+01  3.05237790e-01  4.64441893e-01  2.06540778e-01
  9.99998480e+01  5.96345492e-01  6.41739633e-01 -1.18448072e-03
  5.16835048e+02  2.99998861e+02  3.00000210e+02  2.99998863e+02
  3.00000277e+02]"
121,17.61979158417811,129.79154746058342,"[ 1.00001986e+02  1.95469503e-01  3.29287182e-01  9.48764138e-01
  1.00001473e+02  3.24466361e-01  4.00046481e-01  7.36335950e-01
  1.00001449e+02  2.55713434e-01  3.63050207e-01  7.40638010e-01
  9.99999574e+01  2.32819802e-01  3.51638232e-01  6.03712250e-01
  9.99984159e+01  3.05238642e-01  4.64437017e-01  2.06536351e-01
  9.99998480e+01  5.96343583e-01  6.41737901e-01 -1.18529043e-03
  5.16835048e+02  2.99998861e+02  3.00000210e+02  2.99998863e+02
  3.00000277e+02]"
122,17.60696299708206,132.41152160760026,"[ 1.00001986e+02  1.95490968e-01  3.29301646e-01  9.48781124e-01
  1.00001474e+02  3.24464705e-01  4.00033037e-01  7.36321550e-01
  1.00001449e+02  2.55751828e-01  3.63066293e-01  7.40641199e-01
  9.99999601e+01  2.32888627e-01  3.51685392e-01  6.03724831e-01
  9.99984147e+01  3.05251752e-01  4.64433180e-01  2.06529000e-01
  9.99998479e+01  5.96340524e-01  6.41727255e-01 -1.19528810e-03
  5.16835046e+02  2.99998862e+02  3.00000210e+02  2.99998864e+02
  3.00000277e+02]"
123,17.580904369785667,129.1259756571775,"[ 1.00001987e+02  1.95509810e-01  3.29322607e-01  9.48806399e-01
  1.00001474e+02  3.24454594e-01  4.00013000e-01  7.36282416e-01
  1.00001450e+02  2.55840140e-01  3.63104550e-01  7.40656175e-01
  9.99999632e+01  2.33041584e-01  3.51756672e-01  6.03743870e-01
  9.99984147e+01  3.05258468e-01  4.64415260e-01  2.06509604e-01
  9.99998478e+01  5.96330703e-01  6.41717899e-01 -1.20001596e-03
  5.16835045e+02  2.99998862e+02  3.00000210e+02  2.99998864e+02
  3.00000277e+02]"
124,17.530979112505566,125.08755692982147,"[ 1.00001988e+02  1.95538484e-01  3.29361650e-01  9.48857874e-01
  1.00001476e+02  3.24436907e-01  3.99965810e-01  7.36213134e-01
  1.00001454e+02  2.56017451e-01  3.63185944e-01  7.40693011e-01
  9.99999707e+01  2.33343579e-01  3.51908788e-01  6.03778505e-01
  9.99984146e+01  3.05271955e-01  4.64381908e-01  2.06471459e-01
  9.99998474e+01  5.96309226e-01  6.41699199e-01 -1.20971502e-03
  5.16835042e+02  2.99998862e+02  3.00000210e+02  2.99998865e+02
  3.00000276e+02]"
125,17.438035152651473,124.53993267829213,"[ 1.00001992e+02  1.95593555e-01  3.29407222e-01  9.48950497e-01
  1.00001476e+02  3.24434334e-01  3.99902581e-01  7.36061517e-01
  1.00001456e+02  2.56378281e-01  3.63321699e-01  7.40750453e-01
  9.99999831e+01  2.33986904e-01  3.52136628e-01  6.03864896e-01
  9.99984114e+01  3.05315179e-01  4.64314695e-01  2.06383878e-01
  9.99998469e+01  5.96280828e-01  6.41653435e-01 -1.23791893e-03
  5.16835061e+02  2.99998861e+02  3.00000210e+02  2.99998863e+02
  3.00000277e+02]"
126,17.27659869600055,121.50614062055637,"[ 1.00001987e+02  1.95321579e-01  3.29366990e-01  9.49005706e-01
  1.00001471e+02  3.24619532e-01  4.00003428e-01  7.35729178e-01
  1.00001462e+02  2.57084922e-01  3.63571178e-01  7.40889400e-01
  9.99999773e+01  2.35328159e-01  3.52259586e-01  6.04003825e-01
  9.99984335e+01  3.05474141e-01  4.64228241e-01  2.06256230e-01
  9.99998468e+01  5.96166944e-01  6.41594742e-01 -1.16877387e-03
  5.16835193e+02  2.99998852e+02  3.00000221e+02  2.99998857e+02
  3.00000279e+02]"
127,17.025405173679644,98.2263965092938,"[ 1.00002020e+02  1.94795733e-01  3.29051571e-01  9.49178181e-01
  1.00001502e+02  3.25278673e-01  3.99687912e-01  7.35680941e-01
  1.00001477e+02  2.57926887e-01  3.64341461e-01  7.41795722e-01
  1.00000094e+02  2.37560477e-01  3.53330710e-01  6.04499360e-01
  9.99984004e+01  3.06470588e-01  4.64427699e-01  2.05727631e-01
  9.99998353e+01  5.95916136e-01  6.41396609e-01 -1.22291971e-03
  5.16835456e+02  2.99998851e+02  3.00000194e+02  2.99998838e+02
  3.00000276e+02]"
128,16.759615444470942,126.63847093587243,"[ 1.00002043e+02  1.94156631e-01  3.28858956e-01  9.49600133e-01
  1.00001498e+02  3.25902719e-01  3.98946076e-01  7.36676787e-01
  1.00001335e+02  2.59186077e-01  3.64561352e-01  7.42934191e-01
  1.00000228e+02  2.42722698e-01  3.52641517e-01  6.05431654e-01
  9.99982588e+01  3.08372099e-01  4.64900015e-01  2.04679496e-01
  9.99998272e+01  5.95855836e-01  6.40205678e-01 -2.32168450e-03
  5.16837088e+02  2.99998761e+02  3.00000200e+02  2.99998738e+02
  3.00000290e+02]"
129,16.759615444470942,220.8597867967433,"[ 1.00002043e+02  1.94156631e-01  3.28858956e-01  9.49600133e-01
  1.00001498e+02  3.25902719e-01  3.98946076e-01  7.36676787e-01
  1.00001335e+02  2.59186077e-01  3.64561352e-01  7.42934191e-01
  1.00000228e+02  2.42722698e-01  3.52641517e-01  6.05431654e-01
  9.99982588e+01  3.08372099e-01  4.64900015e-01  2.04679496e-01
  9.99998272e+01  5.95855836e-01  6.40205678e-01 -2.32168450e-03
  5.16837088e+02  2.99998761e+02  3.00000200e+02  2.99998738e+02
  3.00000290e+02]"
130,16.759615444470942,231.4241543917854,"[ 1.00002043e+02  1.94156631e-01  3.28858956e-01  9.49600133e-01
  1.00001498e+02  3.25902719e-01  3.98946076e-01  7.36676787e-01
  1.00001335e+02  2.59186077e-01  3.64561352e-01  7.42934191e-01
  1.00000228e+02  2.42722698e-01  3.52641517e-01  6.05431654e-01
  9.99982588e+01  3.08372099e-01  4.64900015e-01  2.04679496e-01
  9.99998272e+01  5.95855836e-01  6.40205678e-01 -2.32168450e-03
  5.16837088e+02  2.99998761e+02  3.00000200e+02  2.99998738e+02
  3.00000290e+02]"
131,16.66241647732076,200.7700928239878,"[ 1.00002052e+02  1.94556709e-01  3.29079924e-01  9.49687193e-01
  1.00001497e+02  3.25837418e-01  3.98835939e-01  7.36429861e-01
  1.00001345e+02  2.59591757e-01  3.64703143e-01  7.42979998e-01
  1.00000224e+02  2.42490519e-01  3.52566532e-01  6.05326284e-01
  9.99982675e+01  3.08674729e-01  4.65028591e-01  2.04783603e-01
  9.99998248e+01  5.95789382e-01  6.40169611e-01 -2.38919677e-03
  5.16837030e+02  2.99998757e+02  3.00000195e+02  2.99998734e+02
  3.00000292e+02]"
132,16.574526483144083,177.39410946679308,"[ 1.00002073e+02  1.95421270e-01  3.29512518e-01  9.49779290e-01
  1.00001496e+02  3.25796559e-01  3.98556195e-01  7.36001813e-01
  1.00001375e+02  2.60384798e-01  3.64970034e-01  7.43143744e-01
  1.00000219e+02  2.42143886e-01  3.52373233e-01  6.05143964e-01
  9.99982984e+01  3.09303549e-01  4.65270632e-01  2.04996860e-01
  9.99998148e+01  5.95590895e-01  6.40070485e-01 -2.60171735e-03
  5.16836907e+02  2.99998741e+02  3.00000172e+02  2.99998717e+02
  3.00000302e+02]"
133,16.574526483144083,155.00993328455115,"[ 1.00002073e+02  1.95421270e-01  3.29512518e-01  9.49779290e-01
  1.00001496e+02  3.25796559e-01  3.98556195e-01  7.36001813e-01
  1.00001375e+02  2.60384798e-01  3.64970034e-01  7.43143744e-01
  1.00000219e+02  2.42143886e-01  3.52373233e-01  6.05143964e-01
  9.99982984e+01  3.09303549e-01  4.65270632e-01  2.04996860e-01
  9.99998148e+01  5.95590895e-01  6.40070485e-01 -2.60171735e-03
  5.16836907e+02  2.99998741e+02  3.00000172e+02  2.99998717e+02
  3.00000302e+02]"
134,16.571257051223927,153.45014212651543,"[ 1.00002088e+02  1.95816896e-01  3.29742331e-01  9.49866874e-01
  1.00001495e+02  3.25863285e-01  3.98476017e-01  7.35826403e-01
  1.00001391e+02  2.60769746e-01  3.65106540e-01  7.43177442e-01
  1.00000218e+02  2.41990955e-01  3.52191783e-01  6.05088233e-01
  9.99983134e+01  3.09658654e-01  4.65432888e-01  2.05127743e-01
  9.99998094e+01  5.95489959e-01  6.40091050e-01 -2.68879355e-03
  5.16836810e+02  2.99998740e+02  3.00000161e+02  2.99998714e+02
  3.00000306e+02]"
135,16.571257051223927,150.0927147213714,"[ 1.00002088e+02  1.95816896e-01  3.29742331e-01  9.49866874e-01
  1.00001495e+02  3.25863285e-01  3.98476017e-01  7.35826403e-01
  1.00001391e+02  2.60769746e-01  3.65106540e-01  7.43177442e-01
  1.00000218e+02  2.41990955e-01  3.52191783e-01  6.05088233e-01
  9.99983134e+01  3.09658654e-01  4.65432888e-01  2.05127743e-01
  9.99998094e+01  5.95489959e-01  6.40091050e-01 -2.68879355e-03
  5.16836810e+02  2.99998740e+02  3.00000161e+02  2.99998714e+02
  3.00000306e+02]"
136,16.54556247430322,174.6683482706718,"[ 1.00002086e+02  1.95732179e-01  3.29706090e-01  9.49866318e-01
  1.00001496e+02  3.25982556e-01  3.98545997e-01  7.35834696e-01
  1.00001388e+02  2.60799470e-01  3.65090539e-01  7.43143139e-01
  1.00000218e+02  2.42085313e-01  3.52209148e-01  6.05105056e-01
  9.99983129e+01  3.09708295e-01  4.65445629e-01  2.05124719e-01
  9.99998099e+01  5.95486117e-01  6.40072784e-01 -2.70012426e-03
  5.16836822e+02  2.99998740e+02  3.00000163e+02  2.99998715e+02
  3.00000306e+02]"
137,16.500268323373948,151.98935452236498,"[ 1.00002083e+02  1.95540308e-01  3.29627043e-01  9.49854938e-01
  1.00001502e+02  3.26225710e-01  3.98673495e-01  7.35854120e-01
  1.00001390e+02  2.60832841e-01  3.65068027e-01  7.43114346e-01
  1.00000219e+02  2.42254508e-01  3.52292124e-01  6.05122362e-01
  9.99983166e+01  3.09807478e-01  4.65471889e-01  2.05121178e-01
  9.99998098e+01  5.95454745e-01  6.40031905e-01 -2.72017076e-03
  5.16836834e+02  2.99998741e+02  3.00000164e+02  2.99998715e+02
  3.00000305e+02]"
138,16.43566885512108,147.21697411638306,"[ 1.00002074e+02  1.95171104e-01  3.29461233e-01  9.49826311e-01
  1.00001513e+02  3.26699099e-01  3.98951996e-01  7.35893979e-01
  1.00001391e+02  2.60893031e-01  3.65022071e-01  7.43051735e-01
  1.00000225e+02  2.42589502e-01  3.52483884e-01  6.05172942e-01
  9.99983208e+01  3.10014128e-01  4.65523045e-01  2.05104868e-01
  9.99998093e+01  5.95398454e-01  6.39968398e-01 -2.75720308e-03
  5.16836860e+02  2.99998741e+02  3.00000165e+02  2.99998716e+02
  3.00000305e+02]"
139,16.36748084963978,131.3254392164721,"[ 1.00002051e+02  1.94667567e-01  3.29340872e-01  9.49833578e-01
  1.00001532e+02  3.27547023e-01  3.99524877e-01  7.35883778e-01
  1.00001380e+02  2.61013065e-01  3.64996238e-01  7.42988489e-01
  1.00000231e+02  2.43453921e-01  3.53015604e-01  6.05268257e-01
  9.99983225e+01  3.10524795e-01  4.65704913e-01  2.05084258e-01
  9.99998155e+01  5.95304015e-01  6.39777879e-01 -2.82462785e-03
  5.16836992e+02  2.99998745e+02  3.00000185e+02  2.99998722e+02
  3.00000301e+02]"
140,16.332858041566894,127.63619896604256,"[ 1.00002017e+02  1.93967111e-01  3.30071010e-01  9.50042126e-01
  1.00001567e+02  3.29131630e-01  4.00569442e-01  7.35753657e-01
  1.00001336e+02  2.61474645e-01  3.64871306e-01  7.42593289e-01
  1.00000248e+02  2.45335266e-01  3.53756628e-01  6.05490129e-01
  9.99982940e+01  3.11661805e-01  4.66132780e-01  2.05011373e-01
  9.99998248e+01  5.95228166e-01  6.39476774e-01 -2.72373934e-03
  5.16837367e+02  2.99998762e+02  3.00000232e+02  2.99998734e+02
  3.00000286e+02]"
141,15.948014135006199,216.19077166882494,"[ 1.00002052e+02  1.95189922e-01  3.30654779e-01  9.50458913e-01
  1.00001573e+02  3.28806174e-01  3.99841530e-01  7.35017053e-01
  1.00001487e+02  2.63142100e-01  3.65987979e-01  7.43872485e-01
  1.00000201e+02  2.46013567e-01  3.53920751e-01  6.04794766e-01
  9.99984459e+01  3.12185808e-01  4.66575711e-01  2.05137877e-01
  9.99998296e+01  5.94612277e-01  6.39198100e-01 -3.07877861e-03
  5.16837351e+02  2.99998790e+02  3.00000275e+02  2.99998772e+02
  3.00000278e+02]"
142,15.948014135006199,315.1105504176839,"[ 1.00002052e+02  1.95189922e-01  3.30654779e-01  9.50458913e-01
  1.00001573e+02  3.28806174e-01  3.99841530e-01  7.35017053e-01
  1.00001487e+02  2.63142100e-01  3.65987979e-01  7.43872485e-01
  1.00000201e+02  2.46013567e-01  3.53920751e-01  6.04794766e-01
  9.99984459e+01  3.12185808e-01  4.66575711e-01  2.05137877e-01
  9.99998296e+01  5.94612277e-01  6.39198100e-01 -3.07877861e-03
  5.16837351e+02  2.99998790e+02  3.00000275e+02  2.99998772e+02
  3.00000278e+02]"
143,15.898241153017032,315.07734094755466,"[ 1.00002063e+02  1.95508956e-01  3.30422923e-01  9.50547818e-01
  1.00001585e+02  3.28527172e-01  3.99589306e-01  7.34923918e-01
  1.00001469e+02  2.63804175e-01  3.65795057e-01  7.43324511e-01
  1.00000202e+02  2.46792396e-01  3.53253521e-01  6.04291738e-01
  9.99984019e+01  3.12625265e-01  4.66609955e-01  2.05166822e-01
  9.99998275e+01  5.94719166e-01  6.38984687e-01 -3.20524690e-03
  5.16837616e+02  2.99998763e+02  3.00000270e+02  2.99998742e+02
  3.00000283e+02]"
144,15.86899125003509,150.4752772406893,"[ 1.00002098e+02  1.96127659e-01  3.30724188e-01  9.50767716e-01
  1.00001593e+02  3.28624215e-01  3.99339438e-01  7.34935175e-01
  1.00001459e+02  2.64978790e-01  3.66147692e-01  7.43543532e-01
  1.00000234e+02  2.47363141e-01  3.52928311e-01  6.04227345e-01
  9.99983698e+01  3.12940611e-01  4.66691192e-01  2.05108987e-01
  9.99998196e+01  5.94664359e-01  6.38856924e-01 -3.32118771e-03
  5.16837525e+02  2.99998744e+02  3.00000261e+02  2.99998718e+02
  3.00000288e+02]"
145,15.86899125003509,119.52468398679876,"[ 1.00002098e+02  1.96127659e-01  3.30724188e-01  9.50767716e-01
  1.00001593e+02  3.28624215e-01  3.99339438e-01  7.34935175e-01
  1.00001459e+02  2.64978790e-01  3.66147692e-01  7.43543532e-01
  1.00000234e+02  2.47363141e-01  3.52928311e-01  6.04227345e-01
  9.99983698e+01  3.12940611e-01  4.66691192e-01  2.05108987e-01
  9.99998196e+01  5.94664359e-01  6.38856924e-01 -3.32118771e-03
  5.16837525e+02  2.99998744e+02  3.00000261e+02  2.99998718e+02
  3.00000288e+02]"
146,15.779851068042808,209.60414159008667,"[ 1.00002091e+02  1.95727880e-01  3.30664451e-01  9.50782384e-01
  1.00001601e+02  3.29114319e-01  3.99600200e-01  7.35000308e-01
  1.00001441e+02  2.64920428e-01  3.65995651e-01  7.43348429e-01
  1.00000237e+02  2.47588403e-01  3.53075367e-01  6.04244922e-01
  9.99983598e+01  3.13181060e-01  4.66742185e-01  2.05062622e-01
  9.99998224e+01  5.94682174e-01  6.38792821e-01 -3.37093676e-03
  5.16837553e+02  2.99998743e+02  3.00000265e+02  2.99998718e+02
  3.00000287e+02]"
147,15.698382263771583,197.2039127071041,"[ 1.00002069e+02  1.95108978e-01  3.30792638e-01  9.50800887e-01
  1.00001624e+02  3.30121828e-01  4.00034144e-01  7.34945102e-01
  1.00001434e+02  2.64607138e-01  3.65740363e-01  7.43025680e-01
  1.00000235e+02  2.48080454e-01  3.53541950e-01  6.04258480e-01
  9.99983732e+01  3.13743204e-01  4.66916681e-01  2.04923516e-01
  9.99998242e+01  5.94589553e-01  6.38688615e-01 -3.41692332e-03
  5.16837671e+02  2.99998749e+02  3.00000273e+02  2.99998724e+02
  3.00000285e+02]"
148,15.698382263771583,218.83029855461385,"[ 1.00002069e+02  1.95108978e-01  3.30792638e-01  9.50800887e-01
  1.00001624e+02  3.30121828e-01  4.00034144e-01  7.34945102e-01
  1.00001434e+02  2.64607138e-01  3.65740363e-01  7.43025680e-01
  1.00000235e+02  2.48080454e-01  3.53541950e-01  6.04258480e-01
  9.99983732e+01  3.13743204e-01  4.66916681e-01  2.04923516e-01
  9.99998242e+01  5.94589553e-01  6.38688615e-01 -3.41692332e-03
  5.16837671e+02  2.99998749e+02  3.00000273e+02  2.99998724e+02
  3.00000285e+02]"
149,15.697797983025973,219.70741054304617,"[ 1.00002062e+02  1.94807225e-01  3.30949048e-01  9.50842410e-01
  1.00001636e+02  3.30461873e-01  4.00192753e-01  7.34749597e-01
  1.00001443e+02  2.64289687e-01  3.65604524e-01  7.42957083e-01
  1.00000234e+02  2.48249393e-01  3.53837124e-01  6.04263109e-01
  9.99983909e+01  3.14068197e-01  4.67043018e-01  2.04905075e-01
  9.99998242e+01  5.94493380e-01  6.38615365e-01 -3.44997655e-03
  5.16837771e+02  2.99998755e+02  3.00000278e+02  2.99998729e+02
  3.00000283e+02]"
150,15.697797983025973,231.97096278500362,"[ 1.00002062e+02  1.94807225e-01  3.30949048e-01  9.50842410e-01
  1.00001636e+02  3.30461873e-01  4.00192753e-01  7.34749597e-01
  1.00001443e+02  2.64289687e-01  3.65604524e-01  7.42957083e-01
  1.00000234e+02  2.48249393e-01  3.53837124e-01  6.04263109e-01
  9.99983909e+01  3.14068197e-01  4.67043018e-01  2.04905075e-01
  9.99998242e+01  5.94493380e-01  6.38615365e-01 -3.44997655e-03
  5.16837771e+02  2.99998755e+02  3.00000278e+02  2.99998729e+02
  3.00000283e+02]"
151,15.674489113533546,148.9355435991312,"[ 1.00002064e+02  1.94905892e-01  3.31002894e-01  9.50883229e-01
  1.00001636e+02  3.30452150e-01  4.00164748e-01  7.34699113e-01
  1.00001444e+02  2.64411862e-01  3.65648637e-01  7.42957942e-01
  1.00000234e+02  2.48277092e-01  3.53826193e-01  6.04252276e-01
  9.99983913e+01  3.14140927e-01  4.67071706e-01  2.04923749e-01
  9.99998243e+01  5.94481522e-01  6.38596966e-01 -3.46411392e-03
  5.16837773e+02  2.99998755e+02  3.00000278e+02  2.99998730e+02
  3.00000283e+02]"
152,15.634904440649867,138.07790187304465,"[ 1.00002068e+02  1.95101726e-01  3.31119101e-01  9.50967195e-01
  1.00001637e+02  3.30410064e-01  4.00092298e-01  7.34585841e-01
  1.00001450e+02  2.64643482e-01  3.65752704e-01  7.43002692e-01
  1.00000235e+02  2.48301485e-01  3.53821221e-01  6.04212919e-01
  9.99983947e+01  3.14270942e-01  4.67125083e-01  2.04952154e-01
  9.99998236e+01  5.94446204e-01  6.38565882e-01 -3.48748327e-03
  5.16837758e+02  2.99998756e+02  3.00000278e+02  2.99998730e+02
  3.00000283e+02]"
153,15.58469192115094,127.10741915921314,"[ 1.00002078e+02  1.95483934e-01  3.31338106e-01  9.51125561e-01
  1.00001640e+02  3.30319926e-01  3.99938212e-01  7.34354277e-01
  1.00001464e+02  2.65127209e-01  3.65969366e-01  7.43112461e-01
  1.00000238e+02  2.48319335e-01  3.53784308e-01  6.04117775e-01
  9.99984023e+01  3.14493410e-01  4.67214792e-01  2.05004368e-01
  9.99998214e+01  5.94370569e-01  6.38504603e-01 -3.53691850e-03
  5.16837701e+02  2.99998755e+02  3.00000275e+02  2.99998728e+02
  3.00000284e+02]"
154,15.567432611953052,109.22234479065288,"[ 1.00002119e+02  1.96159050e-01  3.31791557e-01  9.51431154e-01
  1.00001662e+02  3.30424903e-01  3.99735131e-01  7.33985984e-01
  1.00001507e+02  2.66086140e-01  3.66394074e-01  7.43321156e-01
  1.00000265e+02  2.48196253e-01  3.53631281e-01  6.03848612e-01
  9.99984186e+01  3.15008159e-01  4.67392992e-01  2.05209528e-01
  9.99998090e+01  5.94133738e-01  6.38426411e-01 -3.57211440e-03
  5.16837339e+02  2.99998749e+02  3.00000252e+02  2.99998718e+02
  3.00000291e+02]"
155,15.51139768951314,97.0120355662487,"[ 1.00002199e+02  1.97532942e-01  3.32224411e-01  9.51938866e-01
  1.00001744e+02  3.31516848e-01  4.00008498e-01  7.34596823e-01
  1.00001533e+02  2.68197567e-01  3.67179932e-01  7.42884523e-01
  1.00000358e+02  2.48894885e-01  3.53498289e-01  6.03851456e-01
  9.99983812e+01  3.15544654e-01  4.67246772e-01  2.05641991e-01
  9.99997787e+01  5.93877792e-01  6.38536727e-01 -3.53083799e-03
  5.16836565e+02  2.99998750e+02  3.00000214e+02  2.99998698e+02
  3.00000294e+02]"
156,15.220703957272375,190.51332324287694,"[ 1.00002044e+02  1.95135798e-01  3.31955445e-01  9.51605200e-01
  1.00001814e+02  3.34801055e-01  4.02118472e-01  7.34351444e-01
  1.00001531e+02  2.67795993e-01  3.66519955e-01  7.42247568e-01
  1.00000346e+02  2.52222323e-01  3.55501528e-01  6.04608395e-01
  9.99984676e+01  3.17380960e-01  4.67849297e-01  2.05086905e-01
  9.99997801e+01  5.93293116e-01  6.37703374e-01 -3.67582871e-03
  5.16837435e+02  2.99998755e+02  3.00000258e+02  2.99998701e+02
  3.00000289e+02]"
157,15.220703957272375,144.17667657408867,"[ 1.00002044e+02  1.95135798e-01  3.31955445e-01  9.51605200e-01
  1.00001814e+02  3.34801055e-01  4.02118472e-01  7.34351444e-01
  1.00001531e+02  2.67795993e-01  3.66519955e-01  7.42247568e-01
  1.00000346e+02  2.52222323e-01  3.55501528e-01  6.04608395e-01
  9.99984676e+01  3.17380960e-01  4.67849297e-01  2.05086905e-01
  9.99997801e+01  5.93293116e-01  6.37703374e-01 -3.67582871e-03
  5.16837435e+02  2.99998755e+02  3.00000258e+02  2.99998701e+02
  3.00000289e+02]"
158,15.220703957272375,176.87630761122946,"[ 1.00002044e+02  1.95135798e-01  3.31955445e-01  9.51605200e-01
  1.00001814e+02  3.34801055e-01  4.02118472e-01  7.34351444e-01
  1.00001531e+02  2.67795993e-01  3.66519955e-01  7.42247568e-01
  1.00000346e+02  2.52222323e-01  3.55501528e-01  6.04608395e-01
  9.99984676e+01  3.17380960e-01  4.67849297e-01  2.05086905e-01
  9.99997801e+01  5.93293116e-01  6.37703374e-01 -3.67582871e-03
  5.16837435e+02  2.99998755e+02  3.00000258e+02  2.99998701e+02
  3.00000289e+02]"
159,15.220703957272375,177.72524244119776,"[ 1.00002044e+02  1.95135798e-01  3.31955445e-01  9.51605200e-01
  1.00001814e+02  3.34801055e-01  4.02118472e-01  7.34351444e-01
  1.00001531e+02  2.67795993e-01  3.66519955e-01  7.42247568e-01
  1.00000346e+02  2.52222323e-01  3.55501528e-01  6.04608395e-01
  9.99984676e+01  3.17380960e-01  4.67849297e-01  2.05086905e-01
  9.99997801e+01  5.93293116e-01  6.37703374e-01 -3.67582871e-03
  5.16837435e+02  2.99998755e+02  3.00000258e+02  2.99998701e+02
  3.00000289e+02]"
160,15.220703957272375,183.7148969839518,"[ 1.00002044e+02  1.95135798e-01  3.31955445e-01  9.51605200e-01
  1.00001814e+02  3.34801055e-01  4.02118472e-01  7.34351444e-01
  1.00001531e+02  2.67795993e-01  3.66519955e-01  7.42247568e-01
  1.00000346e+02  2.52222323e-01  3.55501528e-01  6.04608395e-01
  9.99984676e+01  3.17380960e-01  4.67849297e-01  2.05086905e-01
  9.99997801e+01  5.93293116e-01  6.37703374e-01 -3.67582871e-03
  5.16837435e+02  2.99998755e+02  3.00000258e+02  2.99998701e+02
  3.00000289e+02]"
161,15.209961378658114,218.59959775303741,"[ 1.00002045e+02  1.95164539e-01  3.31970947e-01  9.51615023e-01
  1.00001814e+02  3.34787449e-01  4.02106111e-01  7.34337418e-01
  1.00001531e+02  2.67820843e-01  3.66531654e-01  7.42252295e-01
  1.00000346e+02  2.52223730e-01  3.55499338e-01  6.04604888e-01
  9.99984677e+01  3.17392444e-01  4.67854022e-01  2.05089235e-01
  9.99997801e+01  5.93290840e-01  6.37700357e-01 -3.67799528e-03
  5.16837435e+02  2.99998755e+02  3.00000258e+02  2.99998701e+02
  3.00000289e+02]"
162,15.189962850451728,221.98109369405995,"[ 1.00002046e+02  1.95230406e-01  3.32002118e-01  9.51633833e-01
  1.00001814e+02  3.34763680e-01  4.02082107e-01  7.34310275e-01
  1.00001531e+02  2.67855053e-01  3.66544282e-01  7.42259632e-01
  1.00000347e+02  2.52214385e-01  3.55506406e-01  6.04598996e-01
  9.99984669e+01  3.17425557e-01  4.67865049e-01  2.05093227e-01
  9.99997796e+01  5.93285668e-01  6.37688632e-01 -3.69089368e-03
  5.16837430e+02  2.99998754e+02  3.00000257e+02  2.99998700e+02
  3.00000289e+02]"
163,15.150255587677602,213.9236466724029,"[ 1.00002048e+02  1.95344229e-01  3.32064120e-01  9.51670759e-01
  1.00001814e+02  3.34706283e-01  4.02031557e-01  7.34253477e-01
  1.00001533e+02  2.67953476e-01  3.66593316e-01  7.42283172e-01
  1.00000347e+02  2.52215105e-01  3.55498379e-01  6.04583962e-01
  9.99984678e+01  3.17469008e-01  4.67883156e-01  2.05103177e-01
  9.99997794e+01  5.93275343e-01  6.37679037e-01 -3.69825513e-03
  5.16837428e+02  2.99998754e+02  3.00000257e+02  2.99998700e+02
  3.00000289e+02]"
164,15.079805186221327,206.80644137147584,"[ 1.00002053e+02  1.95568750e-01  3.32189738e-01  9.51744609e-01
  1.00001812e+02  3.34591138e-01  4.01928973e-01  7.34138992e-01
  1.00001537e+02  2.68150079e-01  3.66691319e-01  7.42332808e-01
  1.00000348e+02  2.52210436e-01  3.55478816e-01  6.04551320e-01
  9.99984698e+01  3.17554707e-01  4.67919903e-01  2.05125217e-01
  9.99997791e+01  5.93254187e-01  6.37659821e-01 -3.71306223e-03
  5.16837421e+02  2.99998754e+02  3.00000257e+02  2.99998700e+02
  3.00000289e+02]"
165,14.974389316242267,193.90585881918653,"[ 1.00002064e+02  1.95983940e-01  3.32411315e-01  9.51886510e-01
  1.00001806e+02  3.34370087e-01  4.01736015e-01  7.33946325e-01
  1.00001543e+02  2.68621701e-01  3.66916550e-01  7.42418887e-01
  1.00000345e+02  2.52246233e-01  3.55374709e-01  6.04485362e-01
  9.99984736e+01  3.17676512e-01  4.67979012e-01  2.05178052e-01
  9.99997798e+01  5.93225868e-01  6.37654208e-01 -3.71731117e-03
  5.16837414e+02  2.99998755e+02  3.00000260e+02  2.99998703e+02
  3.00000289e+02]"
166,14.82974477795431,110.1774478458008,"[ 1.00002071e+02  1.96585686e-01  3.32726179e-01  9.52240633e-01
  1.00001813e+02  3.34492798e-01  4.01653635e-01  7.33560924e-01
  1.00001561e+02  2.69666856e-01  3.67314115e-01  7.42525755e-01
  1.00000350e+02  2.52657761e-01  3.55343310e-01  6.04349130e-01
  9.99984844e+01  3.18309053e-01  4.68238119e-01  2.05251333e-01
  9.99997792e+01  5.93069821e-01  6.37530704e-01 -3.84079278e-03
  5.16837389e+02  2.99998759e+02  3.00000268e+02  2.99998707e+02
  3.00000287e+02]"
167,14.80625270048294,118.50125082760725,"[ 1.00002133e+02  1.97318670e-01  3.33033898e-01  9.51844944e-01
  1.00001871e+02  3.34582060e-01  4.02396250e-01  7.32743855e-01
  1.00001736e+02  2.70141636e-01  3.68136957e-01  7.44307726e-01
  1.00000380e+02  2.51894132e-01  3.56304313e-01  6.03908755e-01
  9.99986412e+01  3.19298961e-01  4.68480410e-01  2.05078918e-01
  9.99997373e+01  5.92175060e-01  6.37997924e-01 -3.79545384e-03
  5.16836392e+02  2.99998756e+02  3.00000210e+02  2.99998672e+02
  3.00000298e+02]"
168,14.651058439477351,85.05638156838543,"[ 1.00002179e+02  1.98573277e-01  3.33188192e-01  9.51359782e-01
  1.00001897e+02  3.36140730e-01  4.02480738e-01  7.32192066e-01
  1.00001747e+02  2.71892731e-01  3.67761873e-01  7.43946392e-01
  1.00000394e+02  2.52776349e-01  3.56333871e-01  6.03875250e-01
  9.99986406e+01  3.20382882e-01  4.68377883e-01  2.04567899e-01
  9.99996897e+01  5.91795138e-01  6.37842488e-01 -4.35564600e-03
  5.16835859e+02  2.99998645e+02  3.00000141e+02  2.99998543e+02
  3.00000342e+02]"
169,14.42204696833871,100.60042654651575,"[ 1.00002244e+02  2.00876043e-01  3.33324557e-01  9.52175583e-01
  1.00002068e+02  3.38729977e-01  4.02914961e-01  7.35345460e-01
  1.00001919e+02  2.74009741e-01  3.67917104e-01  7.45410231e-01
  1.00000571e+02  2.54294436e-01  3.57703335e-01  6.04189652e-01
  9.99987266e+01  3.22435316e-01  4.70026628e-01  2.04501796e-01
  9.99996436e+01  5.90591346e-01  6.38581884e-01 -4.00940770e-03
  5.16834946e+02  2.99998784e+02  3.00000128e+02  2.99998697e+02
  3.00000324e+02]"
170,13.876424329483417,172.8888423045629,"[ 1.00002356e+02  2.04561366e-01  3.33427059e-01  9.49351247e-01
  1.00002098e+02  3.42895219e-01  4.03440480e-01  7.41573409e-01
  1.00002029e+02  2.78923748e-01  3.69694450e-01  7.48650578e-01
  1.00000812e+02  2.58784015e-01  3.59475999e-01  6.07104273e-01
  9.99988703e+01  3.26127793e-01  4.70798235e-01  2.02668896e-01
  9.99994861e+01  5.88280650e-01  6.37761745e-01 -5.55697767e-03
  5.16833837e+02  2.99998547e+02  2.99999887e+02  2.99998430e+02
  3.00000446e+02]"
171,13.876424329483417,119.93268924855077,"[ 1.00002356e+02  2.04561366e-01  3.33427059e-01  9.49351247e-01
  1.00002098e+02  3.42895219e-01  4.03440480e-01  7.41573409e-01
  1.00002029e+02  2.78923748e-01  3.69694450e-01  7.48650578e-01
  1.00000812e+02  2.58784015e-01  3.59475999e-01  6.07104273e-01
  9.99988703e+01  3.26127793e-01  4.70798235e-01  2.02668896e-01
  9.99994861e+01  5.88280650e-01  6.37761745e-01 -5.55697767e-03
  5.16833837e+02  2.99998547e+02  2.99999887e+02  2.99998430e+02
  3.00000446e+02]"
172,13.659462602786103,119.23349353307239,"[ 1.00002298e+02  2.02126645e-01  3.32745242e-01  9.49315091e-01
  1.00002071e+02  3.44684713e-01  4.04331507e-01  7.40535632e-01
  1.00001858e+02  2.79141070e-01  3.69989422e-01  7.48926634e-01
  1.00000863e+02  2.63274369e-01  3.61017616e-01  6.08304831e-01
  9.99988002e+01  3.27808933e-01  4.70853241e-01  2.01556311e-01
  9.99994991e+01  5.88087153e-01  6.36160057e-01 -6.24974675e-03
  5.16834789e+02  2.99998436e+02  2.99999947e+02  2.99998320e+02
  3.00000463e+02]"
173,13.659462602786103,174.06082755391776,"[ 1.00002298e+02  2.02126645e-01  3.32745242e-01  9.49315091e-01
  1.00002071e+02  3.44684713e-01  4.04331507e-01  7.40535632e-01
  1.00001858e+02  2.79141070e-01  3.69989422e-01  7.48926634e-01
  1.00000863e+02  2.63274369e-01  3.61017616e-01  6.08304831e-01
  9.99988002e+01  3.27808933e-01  4.70853241e-01  2.01556311e-01
  9.99994991e+01  5.88087153e-01  6.36160057e-01 -6.24974675e-03
  5.16834789e+02  2.99998436e+02  2.99999947e+02  2.99998320e+02
  3.00000463e+02]"
174,13.659462602786103,190.75947691802423,"[ 1.00002298e+02  2.02126645e-01  3.32745242e-01  9.49315091e-01
  1.00002071e+02  3.44684713e-01  4.04331507e-01  7.40535632e-01
  1.00001858e+02  2.79141070e-01  3.69989422e-01  7.48926634e-01
  1.00000863e+02  2.63274369e-01  3.61017616e-01  6.08304831e-01
  9.99988002e+01  3.27808933e-01  4.70853241e-01  2.01556311e-01
  9.99994991e+01  5.88087153e-01  6.36160057e-01 -6.24974675e-03
  5.16834789e+02  2.99998436e+02  2.99999947e+02  2.99998320e+02
  3.00000463e+02]"
175,13.659462602786103,202.27528127698045,"[ 1.00002298e+02  2.02126645e-01  3.32745242e-01  9.49315091e-01
  1.00002071e+02  3.44684713e-01  4.04331507e-01  7.40535632e-01
  1.00001858e+02  2.79141070e-01  3.69989422e-01  7.48926634e-01
  1.00000863e+02  2.63274369e-01  3.61017616e-01  6.08304831e-01
  9.99988002e+01  3.27808933e-01  4.70853241e-01  2.01556311e-01
  9.99994991e+01  5.88087153e-01  6.36160057e-01 -6.24974675e-03
  5.16834789e+02  2.99998436e+02  2.99999947e+02  2.99998320e+02
  3.00000463e+02]"
176,13.626223175779579,211.95859257528704,"[ 1.00002300e+02  2.02242917e-01  3.32807818e-01  9.49352982e-01
  1.00002071e+02  3.44662219e-01  4.04296168e-01  7.40496018e-01
  1.00001858e+02  2.79245073e-01  3.70015975e-01  7.48927467e-01
  1.00000864e+02  2.63284927e-01  3.61009002e-01  6.08301336e-01
  9.99987994e+01  3.27889300e-01  4.70882099e-01  2.01563868e-01
  9.99994984e+01  5.88073119e-01  6.36136557e-01 -6.27595632e-03
  5.16834795e+02  2.99998435e+02  2.99999946e+02  2.99998319e+02
  3.00000463e+02]"
177,13.565268938373507,199.96834455963284,"[ 1.00002304e+02  2.02473836e-01  3.32929742e-01  9.49427572e-01
  1.00002071e+02  3.44600387e-01  4.04218664e-01  7.40407172e-01
  1.00001858e+02  2.79454070e-01  3.70082808e-01  7.48939694e-01
  1.00000867e+02  2.63288160e-01  3.60984162e-01  6.08282742e-01
  9.99987985e+01  3.28038057e-01  4.70940299e-01  2.01586306e-01
  9.99994972e+01  5.88047122e-01  6.36097409e-01 -6.32025140e-03
  5.16834803e+02  2.99998433e+02  2.99999945e+02  2.99998317e+02
  3.00000464e+02]"
178,13.474660582521317,181.08620895597048,"[ 1.00002314e+02  2.02913055e-01  3.33168583e-01  9.49576135e-01
  1.00002069e+02  3.44411931e-01  4.04045478e-01  7.40183963e-01
  1.00001867e+02  2.79854620e-01  3.70262240e-01  7.49017645e-01
  1.00000866e+02  2.63212919e-01  3.60910269e-01  6.08192554e-01
  9.99988027e+01  3.28272192e-01  4.71050061e-01  2.01659177e-01
  9.99994961e+01  5.87997206e-01  6.36050406e-01 -6.35879577e-03
  5.16834787e+02  2.99998433e+02  2.99999945e+02  2.99998317e+02
  3.00000464e+02]"
179,13.425066924686949,160.0288623299678,"[ 1.00002348e+02  2.03466031e-01  3.33790884e-01  9.49903329e-01
  1.00002067e+02  3.44181241e-01  4.03652825e-01  7.39761857e-01
  1.00001893e+02  2.80704872e-01  3.70653679e-01  7.49213670e-01
  1.00000864e+02  2.62882016e-01  3.60509647e-01  6.07929178e-01
  9.99988188e+01  3.28590078e-01  4.71272661e-01  2.01900496e-01
  9.99994923e+01  5.87868585e-01  6.36023303e-01 -6.36773354e-03
  5.16834526e+02  2.99998433e+02  2.99999942e+02  2.99998318e+02
  3.00000466e+02]"
180,13.425066924686949,136.42424537294553,"[ 1.00002348e+02  2.03466031e-01  3.33790884e-01  9.49903329e-01
  1.00002067e+02  3.44181241e-01  4.03652825e-01  7.39761857e-01
  1.00001893e+02  2.80704872e-01  3.70653679e-01  7.49213670e-01
  1.00000864e+02  2.62882016e-01  3.60509647e-01  6.07929178e-01
  9.99988188e+01  3.28590078e-01  4.71272661e-01  2.01900496e-01
  9.99994923e+01  5.87868585e-01  6.36023303e-01 -6.36773354e-03
  5.16834526e+02  2.99998433e+02  2.99999942e+02  2.99998318e+02
  3.00000466e+02]"
181,13.425066924686949,136.45685170253603,"[ 1.00002348e+02  2.03466031e-01  3.33790884e-01  9.49903329e-01
  1.00002067e+02  3.44181241e-01  4.03652825e-01  7.39761857e-01
  1.00001893e+02  2.80704872e-01  3.70653679e-01  7.49213670e-01
  1.00000864e+02  2.62882016e-01  3.60509647e-01  6.07929178e-01
  9.99988188e+01  3.28590078e-01  4.71272661e-01  2.01900496e-01
  9.99994923e+01  5.87868585e-01  6.36023303e-01 -6.36773354e-03
  5.16834526e+02  2.99998433e+02  2.99999942e+02  2.99998318e+02
  3.00000466e+02]"
182,13.425066924686949,136.99846021457694,"[ 1.00002348e+02  2.03466031e-01  3.33790884e-01  9.49903329e-01
  1.00002067e+02  3.44181241e-01  4.03652825e-01  7.39761857e-01
  1.00001893e+02  2.80704872e-01  3.70653679e-01  7.49213670e-01
  1.00000864e+02  2.62882016e-01  3.60509647e-01  6.07929178e-01
  9.99988188e+01  3.28590078e-01  4.71272661e-01  2.01900496e-01
  9.99994923e+01  5.87868585e-01  6.36023303e-01 -6.36773354e-03
  5.16834526e+02  2.99998433e+02  2.99999942e+02  2.99998318e+02
  3.00000466e+02]"
183,13.425066924686949,137.8413590461665,"[ 1.00002348e+02  2.03466031e-01  3.33790884e-01  9.49903329e-01
  1.00002067e+02  3.44181241e-01  4.03652825e-01  7.39761857e-01
  1.00001893e+02  2.80704872e-01  3.70653679e-01  7.49213670e-01
  1.00000864e+02  2.62882016e-01  3.60509647e-01  6.07929178e-01
  9.99988188e+01  3.28590078e-01  4.71272661e-01  2.01900496e-01
  9.99994923e+01  5.87868585e-01  6.36023303e-01 -6.36773354e-03
  5.16834526e+02  2.99998433e+02  2.99999942e+02  2.99998318e+02
  3.00000466e+02]"
184,13.425066924686949,137.86884416928328,"[ 1.00002348e+02  2.03466031e-01  3.33790884e-01  9.49903329e-01
  1.00002067e+02  3.44181241e-01  4.03652825e-01  7.39761857e-01
  1.00001893e+02  2.80704872e-01  3.70653679e-01  7.49213670e-01
  1.00000864e+02  2.62882016e-01  3.60509647e-01  6.07929178e-01
  9.99988188e+01  3.28590078e-01  4.71272661e-01  2.01900496e-01
  9.99994923e+01  5.87868585e-01  6.36023303e-01 -6.36773354e-03
  5.16834526e+02  2.99998433e+02  2.99999942e+02  2.99998318e+02
  3.00000466e+02]"
185,13.425066924686949,137.89315699011811,"[ 1.00002348e+02  2.03466031e-01  3.33790884e-01  9.49903329e-01
  1.00002067e+02  3.44181241e-01  4.03652825e-01  7.39761857e-01
  1.00001893e+02  2.80704872e-01  3.70653679e-01  7.49213670e-01
  1.00000864e+02  2.62882016e-01  3.60509647e-01  6.07929178e-01
  9.99988188e+01  3.28590078e-01  4.71272661e-01  2.01900496e-01
  9.99994923e+01  5.87868585e-01  6.36023303e-01 -6.36773354e-03
  5.16834526e+02  2.99998433e+02  2.99999942e+02  2.99998318e+02
  3.00000466e+02]"
186,13.424998642953431,82.80009327494813,"[ 1.00002348e+02  2.03465723e-01  3.33790797e-01  9.49903359e-01
  1.00002067e+02  3.44181707e-01  4.03653070e-01  7.39761793e-01
  1.00001893e+02  2.80705081e-01  3.70653673e-01  7.49213581e-01
  1.00000864e+02  2.62882334e-01  3.60509800e-01  6.07929187e-01
  9.99988188e+01  3.28590343e-01  4.71272739e-01  2.01900533e-01
  9.99994923e+01  5.87868506e-01  6.36023229e-01 -6.36777708e-03
  5.16834526e+02  2.99998433e+02  2.99999942e+02  2.99998318e+02
  3.00000466e+02]"
187,13.424862163449228,82.60768428441904,"[ 1.00002348e+02  2.03465096e-01  3.33790619e-01  9.49903421e-01
  1.00002067e+02  3.44182633e-01  4.03653551e-01  7.39761662e-01
  1.00001893e+02  2.80705498e-01  3.70653666e-01  7.49213406e-01
  1.00000864e+02  2.62882976e-01  3.60510102e-01  6.07929204e-01
  9.99988188e+01  3.28590874e-01  4.71272899e-01  2.01900607e-01
  9.99994923e+01  5.87868347e-01  6.36023096e-01 -6.36787552e-03
  5.16834526e+02  2.99998433e+02  2.99999942e+02  2.99998318e+02
  3.00000466e+02]"
188,13.42458950319297,82.31874000125394,"[ 1.00002348e+02  2.03463814e-01  3.33790218e-01  9.49903544e-01
  1.00002067e+02  3.44184465e-01  4.03654495e-01  7.39761417e-01
  1.00001893e+02  2.80706313e-01  3.70653641e-01  7.49213061e-01
  1.00000864e+02  2.62884246e-01  3.60510688e-01  6.07929240e-01
  9.99988189e+01  3.28591963e-01  4.71273237e-01  2.01900762e-01
  9.99994923e+01  5.87868034e-01  6.36022778e-01 -6.36807434e-03
  5.16834526e+02  2.99998433e+02  2.99999942e+02  2.99998318e+02
  3.00000466e+02]"
189,13.424044780290398,82.75146662840943,"[ 1.00002348e+02  2.03461302e-01  3.33789496e-01  9.49903811e-01
  1.00002067e+02  3.44188156e-01  4.03656385e-01  7.39760930e-01
  1.00001893e+02  2.80707951e-01  3.70653569e-01  7.49212355e-01
  1.00000864e+02  2.62886815e-01  3.60511883e-01  6.07929325e-01
  9.99988189e+01  3.28594141e-01  4.71273895e-01  2.01901038e-01
  9.99994923e+01  5.87867402e-01  6.36022174e-01 -6.36847124e-03
  5.16834526e+02  2.99998433e+02  2.99999942e+02  2.99998318e+02
  3.00000466e+02]"
190,13.42295985933335,81.65991616279653,"[ 1.00002348e+02  2.03456133e-01  3.33788121e-01  9.49904373e-01
  1.00002068e+02  3.44195513e-01  4.03660115e-01  7.39759914e-01
  1.00001893e+02  2.80711195e-01  3.70653423e-01  7.49210943e-01
  1.00000864e+02  2.62891958e-01  3.60514278e-01  6.07929477e-01
  9.99988190e+01  3.28598470e-01  4.71275238e-01  2.01901625e-01
  9.99994923e+01  5.87866119e-01  6.36021120e-01 -6.36922472e-03
  5.16834525e+02  2.99998434e+02  2.99999942e+02  2.99998318e+02
  3.00000466e+02]"
191,13.420809347916496,79.76104476694526,"[ 1.00002348e+02  2.03445547e-01  3.33784868e-01  9.49905341e-01
  1.00002068e+02  3.44210060e-01  4.03667621e-01  7.39757657e-01
  1.00001893e+02  2.80717728e-01  3.70653430e-01  7.49208330e-01
  1.00000864e+02  2.62902037e-01  3.60519045e-01  6.07929610e-01
  9.99988193e+01  3.28607000e-01  4.71277951e-01  2.01903027e-01
  9.99994923e+01  5.87863574e-01  6.36018570e-01 -6.37062484e-03
  5.16834525e+02  2.99998434e+02  2.99999942e+02  2.99998318e+02
  3.00000466e+02]"
192,13.41655547214642,81.91220650207525,"[ 1.00002348e+02  2.03426147e-01  3.33779478e-01  9.49907691e-01
  1.00002069e+02  3.44239421e-01  4.03682556e-01  7.39753468e-01
  1.00001894e+02  2.80731178e-01  3.70652987e-01  7.49202853e-01
  1.00000864e+02  2.62922929e-01  3.60528821e-01  6.07930209e-01
  9.99988198e+01  3.28624799e-01  4.71283405e-01  2.01905189e-01
  9.99994922e+01  5.87858330e-01  6.36013439e-01 -6.37355791e-03
  5.16834524e+02  2.99998434e+02  2.99999942e+02  2.99998318e+02
  3.00000466e+02]"
193,13.408326048614157,78.09252857756043,"[ 1.00002347e+02  2.03384161e-01  3.33768282e-01  9.49911785e-01
  1.00002071e+02  3.44297809e-01  4.03713080e-01  7.39742949e-01
  1.00001894e+02  2.80757688e-01  3.70654129e-01  7.49193542e-01
  1.00000865e+02  2.62964266e-01  3.60548885e-01  6.07930285e-01
  9.99988211e+01  3.28657677e-01  4.71293765e-01  2.01910678e-01
  9.99994922e+01  5.87847667e-01  6.36004841e-01 -6.37767968e-03
  5.16834523e+02  2.99998434e+02  2.99999942e+02  2.99998318e+02
  3.00000466e+02]"
194,13.393316487063359,71.50852370301,"[ 1.00002346e+02  2.03286109e-01  3.33742622e-01  9.49918112e-01
  1.00002074e+02  3.44411117e-01  4.03773920e-01  7.39713104e-01
  1.00001897e+02  2.80806200e-01  3.70664720e-01  7.49183228e-01
  1.00000865e+02  2.63043743e-01  3.60589961e-01  6.07923751e-01
  9.99988252e+01  3.28713145e-01  4.71313055e-01  2.01924216e-01
  9.99994923e+01  5.87824727e-01  6.35992181e-01 -6.37676143e-03
  5.16834517e+02  2.99998435e+02  2.99999944e+02  2.99998320e+02
  3.00000466e+02]"
195,13.369583274952582,64.52345257841031,"[ 1.00002347e+02  2.03073302e-01  3.33699570e-01  9.49935681e-01
  1.00002082e+02  3.44609043e-01  4.03874093e-01  7.39598485e-01
  1.00001910e+02  2.80875457e-01  3.70713102e-01  7.49201148e-01
  1.00000863e+02  2.63215701e-01  3.60688053e-01  6.07879521e-01
  9.99988380e+01  3.28786280e-01  4.71341139e-01  2.01953682e-01
  9.99994928e+01  5.87770555e-01  6.35986508e-01 -6.33342614e-03
  5.16834499e+02  2.99998440e+02  2.99999947e+02  2.99998324e+02
  3.00000464e+02]"
196,13.313894310508346,64.92442474778443,"[ 1.00002348e+02  2.03004828e-01  3.33747912e-01  9.50056145e-01
  1.00002094e+02  3.44980123e-01  4.04018645e-01  7.39396653e-01
  1.00001917e+02  2.81221335e-01  3.70771921e-01  7.49139483e-01
  1.00000867e+02  2.63588654e-01  3.60856426e-01  6.07872952e-01
  9.99988486e+01  3.29143595e-01  4.71456993e-01  2.02008098e-01
  9.99994920e+01  5.87667928e-01  6.35883854e-01 -6.39123517e-03
  5.16834492e+02  2.99998442e+02  2.99999949e+02  2.99998326e+02
  3.00000464e+02]"
197,13.268624058716577,57.01691554671184,"[ 1.00002380e+02  2.02455540e-01  3.33658093e-01  9.50250378e-01
  1.00002122e+02  3.45243809e-01  4.04091494e-01  7.38615053e-01
  1.00001994e+02  2.81458383e-01  3.71274606e-01  7.49569632e-01
  1.00000844e+02  2.64223167e-01  3.61124207e-01  6.07430549e-01
  9.99989165e+01  3.29212856e-01  4.71606673e-01  2.02121221e-01
  9.99995021e+01  5.87457388e-01  6.36198962e-01 -5.81723131e-03
  5.16834399e+02  2.99998483e+02  2.99999986e+02  2.99998361e+02
  3.00000443e+02]"
198,13.124730691685421,152.20097633331918,"[ 1.00002371e+02  2.02684377e-01  3.33795566e-01  9.50795298e-01
  1.00002129e+02  3.46632725e-01  4.04499779e-01  7.39134119e-01
  1.00001936e+02  2.81666343e-01  3.71696804e-01  7.49849743e-01
  1.00000936e+02  2.65921836e-01  3.61160669e-01  6.07509401e-01
  9.99988350e+01  3.31059812e-01  4.72611382e-01  2.01533834e-01
  9.99995118e+01  5.87219808e-01  6.35905703e-01 -5.85433030e-03
  5.16834697e+02  2.99998486e+02  3.00000030e+02  2.99998350e+02
  3.00000423e+02]"
199,13.084606859361678,112.60557683990243,"[ 1.00002373e+02  2.02434101e-01  3.34923913e-01  9.50310738e-01
  1.00002232e+02  3.49488029e-01  4.05600441e-01  7.38797697e-01
  1.00001726e+02  2.81991982e-01  3.70989136e-01  7.50488686e-01
  1.00000996e+02  2.69623752e-01  3.62619750e-01  6.06668712e-01
  9.99985009e+01  3.34045352e-01  4.74172220e-01  2.02108876e-01
  9.99995523e+01  5.87734871e-01  6.34899600e-01 -5.76800110e-03
  5.16836110e+02  2.99998420e+02  3.00000184e+02  2.99998218e+02
  3.00000362e+02]"
200,13.084606859361678,273.7567968611392,"[ 1.00002373e+02  2.02434101e-01  3.34923913e-01  9.50310738e-01
  1.00002232e+02  3.49488029e-01  4.05600441e-01  7.38797697e-01
  1.00001726e+02  2.81991982e-01  3.70989136e-01  7.50488686e-01
  1.00000996e+02  2.69623752e-01  3.62619750e-01  6.06668712e-01
  9.99985009e+01  3.34045352e-01  4.74172220e-01  2.02108876e-01
  9.99995523e+01  5.87734871e-01  6.34899600e-01 -5.76800110e-03
  5.16836110e+02  2.99998420e+02  3.00000184e+02  2.99998218e+02
  3.00000362e+02]"
201,12.83070894838187,315.94805503278434,"[ 1.00002382e+02  2.03268166e-01  3.35376339e-01  9.50424087e-01
  1.00002214e+02  3.48976133e-01  4.05246193e-01  7.38413050e-01
  1.00001748e+02  2.82922254e-01  3.71420906e-01  7.50635517e-01
  1.00000986e+02  2.69415890e-01  3.62579468e-01  6.06590892e-01
  9.99985266e+01  3.34334975e-01  4.74304964e-01  2.02236643e-01
  9.99995490e+01  5.87620639e-01  6.34832924e-01 -5.88918145e-03
  5.16836001e+02  2.99998417e+02  3.00000175e+02  2.99998221e+02
  3.00000368e+02]"
202,12.814352279372477,277.57123971766697,"[ 1.00002404e+02  2.04957071e-01  3.35814116e-01  9.50509808e-01
  1.00002170e+02  3.48229400e-01  4.04888861e-01  7.37907464e-01
  1.00001770e+02  2.85162133e-01  3.72278547e-01  7.50665680e-01
  1.00000966e+02  2.68942686e-01  3.62222274e-01  6.06364721e-01
  9.99985414e+01  3.34634511e-01  4.74490216e-01  2.02646071e-01
  9.99995450e+01  5.87554511e-01  6.35107293e-01 -6.15195430e-03
  5.16835407e+02  2.99998411e+02  3.00000156e+02  2.99998226e+02
  3.00000379e+02]"
203,12.814352279372477,205.9202133089347,"[ 1.00002404e+02  2.04957071e-01  3.35814116e-01  9.50509808e-01
  1.00002170e+02  3.48229400e-01  4.04888861e-01  7.37907464e-01
  1.00001770e+02  2.85162133e-01  3.72278547e-01  7.50665680e-01
  1.00000966e+02  2.68942686e-01  3.62222274e-01  6.06364721e-01
  9.99985414e+01  3.34634511e-01  4.74490216e-01  2.02646071e-01
  9.99995450e+01  5.87554511e-01  6.35107293e-01 -6.15195430e-03
  5.16835407e+02  2.99998411e+02  3.00000156e+02  2.99998226e+02
  3.00000379e+02]"
204,12.814352279372477,208.04735069785892,"[ 1.00002404e+02  2.04957071e-01  3.35814116e-01  9.50509808e-01
  1.00002170e+02  3.48229400e-01  4.04888861e-01  7.37907464e-01
  1.00001770e+02  2.85162133e-01  3.72278547e-01  7.50665680e-01
  1.00000966e+02  2.68942686e-01  3.62222274e-01  6.06364721e-01
  9.99985414e+01  3.34634511e-01  4.74490216e-01  2.02646071e-01
  9.99995450e+01  5.87554511e-01  6.35107293e-01 -6.15195430e-03
  5.16835407e+02  2.99998411e+02  3.00000156e+02  2.99998226e+02
  3.00000379e+02]"
205,12.814352279372477,206.6023267083527,"[ 1.00002404e+02  2.04957071e-01  3.35814116e-01  9.50509808e-01
  1.00002170e+02  3.48229400e-01  4.04888861e-01  7.37907464e-01
  1.00001770e+02  2.85162133e-01  3.72278547e-01  7.50665680e-01
  1.00000966e+02  2.68942686e-01  3.62222274e-01  6.06364721e-01
  9.99985414e+01  3.34634511e-01  4.74490216e-01  2.02646071e-01
  9.99995450e+01  5.87554511e-01  6.35107293e-01 -6.15195430e-03
  5.16835407e+02  2.99998411e+02  3.00000156e+02  2.99998226e+02
  3.00000379e+02]"
206,12.806941163542618,156.10002841193642,"[ 1.00002403e+02  2.04929137e-01  3.35802377e-01  9.50506832e-01
  1.00002171e+02  3.48257640e-01  4.04905914e-01  7.37912165e-01
  1.00001770e+02  2.85162804e-01  3.72272501e-01  7.50659288e-01
  1.00000967e+02  2.68962411e-01  3.62233608e-01  6.06368000e-01
  9.99985414e+01  3.34637515e-01  4.74488542e-01  2.02643764e-01
  9.99995449e+01  5.87552582e-01  6.35105177e-01 -6.15347029e-03
  5.16835407e+02  2.99998411e+02  3.00000156e+02  2.99998226e+02
  3.00000379e+02]"
207,12.792624238222894,154.1853507502944,"[ 1.00002402e+02  2.04871736e-01  3.35778565e-01  9.50500914e-01
  1.00002172e+02  3.48313333e-01  4.04939763e-01  7.37920783e-01
  1.00001770e+02  2.85164252e-01  3.72261592e-01  7.50646499e-01
  1.00000968e+02  2.69002242e-01  3.62255277e-01  6.06374662e-01
  9.99985415e+01  3.34641667e-01  4.74484674e-01  2.02639095e-01
  9.99995448e+01  5.87549090e-01  6.35101629e-01 -6.15518163e-03
  5.16835408e+02  2.99998411e+02  3.00000156e+02  2.99998226e+02
  3.00000379e+02]"
208,12.76607247108542,151.9539753154344,"[ 1.00002400e+02  2.04756178e-01  3.35730162e-01  9.50488179e-01
  1.00002175e+02  3.48423370e-01  4.05007749e-01  7.37936512e-01
  1.00001770e+02  2.85167778e-01  3.72241944e-01  7.50621074e-01
  1.00000969e+02  2.69083442e-01  3.62297747e-01  6.06388455e-01
  9.99985418e+01  3.34647705e-01  4.74475624e-01  2.02630425e-01
  9.99995448e+01  5.87542461e-01  6.35096157e-01 -6.15756233e-03
  5.16835409e+02  2.99998412e+02  3.00000156e+02  2.99998227e+02
  3.00000379e+02]"
209,12.721286649605895,145.54622965462593,"[ 1.00002396e+02  2.04521887e-01  3.35641378e-01  9.50466160e-01
  1.00002181e+02  3.48643560e-01  4.05134721e-01  7.37964791e-01
  1.00001770e+02  2.85167513e-01  3.72199847e-01  7.50569998e-01
  1.00000972e+02  2.69251284e-01  3.62384781e-01  6.06417849e-01
  9.99985427e+01  3.34662518e-01  4.74460063e-01  2.02613696e-01
  9.99995446e+01  5.87527724e-01  6.35078850e-01 -6.16298904e-03
  5.16835414e+02  2.99998412e+02  3.00000156e+02  2.99998227e+02
  3.00000380e+02]"
210,12.662419391922466,141.42007812426067,"[ 1.00002387e+02  2.04102262e-01  3.35476444e-01  9.50423221e-01
  1.00002194e+02  3.49094035e-01  4.05386948e-01  7.38021627e-01
  1.00001768e+02  2.85175168e-01  3.72103263e-01  7.50475837e-01
  1.00000980e+02  2.69612174e-01  3.62591082e-01  6.06483719e-01
  9.99985428e+01  3.34731475e-01  4.74439615e-01  2.02564660e-01
  9.99995437e+01  5.87489167e-01  6.35025351e-01 -6.19451131e-03
  5.16835439e+02  2.99998411e+02  3.00000156e+02  2.99998225e+02
  3.00000380e+02]"
211,12.561208447735181,65.38509029317369,"[ 1.00002369e+02  2.03956974e-01  3.35544528e-01  9.50566803e-01
  1.00002205e+02  3.49768269e-01  4.05669723e-01  7.37649559e-01
  1.00001755e+02  2.85861123e-01  3.72253115e-01  7.50348881e-01
  1.00000986e+02  2.70682403e-01  3.62963108e-01  6.06572386e-01
  9.99985402e+01  3.35101343e-01  4.74488006e-01  2.02493672e-01
  9.99995474e+01  5.87406575e-01  6.34803707e-01 -6.30306998e-03
  5.16835498e+02  2.99998405e+02  3.00000171e+02  2.99998221e+02
  3.00000380e+02]"
212,12.426029131028868,79.18605099169174,"[ 1.00002380e+02  2.04121398e-01  3.36318570e-01  9.50494635e-01
  1.00002256e+02  3.51210450e-01  4.06119011e-01  7.38000815e-01
  1.00001755e+02  2.86740853e-01  3.72461772e-01  7.50563934e-01
  1.00001058e+02  2.72581789e-01  3.63405052e-01  6.06130746e-01
  9.99984187e+01  3.36090448e-01  4.75806284e-01  2.02666720e-01
  9.99995573e+01  5.87281122e-01  6.35074647e-01 -6.18603453e-03
  5.16835913e+02  2.99998433e+02  3.00000216e+02  2.99998233e+02
  3.00000345e+02]"
213,12.426029131028868,105.17778210167697,"[ 1.00002380e+02  2.04121398e-01  3.36318570e-01  9.50494635e-01
  1.00002256e+02  3.51210450e-01  4.06119011e-01  7.38000815e-01
  1.00001755e+02  2.86740853e-01  3.72461772e-01  7.50563934e-01
  1.00001058e+02  2.72581789e-01  3.63405052e-01  6.06130746e-01
  9.99984187e+01  3.36090448e-01  4.75806284e-01  2.02666720e-01
  9.99995573e+01  5.87281122e-01  6.35074647e-01 -6.18603453e-03
  5.16835913e+02  2.99998433e+02  3.00000216e+02  2.99998233e+02
  3.00000345e+02]"
214,12.387159974057706,98.91894399119494,"[ 1.00002392e+02  2.04214922e-01  3.36512753e-01  9.50563670e-01
  1.00002308e+02  3.51973671e-01  4.06563093e-01  7.38223986e-01
  1.00001714e+02  2.87076689e-01  3.72262702e-01  7.50734082e-01
  1.00001116e+02  2.73338199e-01  3.63989318e-01  6.06106132e-01
  9.99983434e+01  3.36788009e-01  4.76154477e-01  2.02449282e-01
  9.99995515e+01  5.87176248e-01  6.34867512e-01 -6.20399895e-03
  5.16836101e+02  2.99998413e+02  3.00000228e+02  2.99998194e+02
  3.00000339e+02]"
215,12.387159974057706,45.089477987922066,"[ 1.00002392e+02  2.04214922e-01  3.36512753e-01  9.50563670e-01
  1.00002308e+02  3.51973671e-01  4.06563093e-01  7.38223986e-01
  1.00001714e+02  2.87076689e-01  3.72262702e-01  7.50734082e-01
  1.00001116e+02  2.73338199e-01  3.63989318e-01  6.06106132e-01
  9.99983434e+01  3.36788009e-01  4.76154477e-01  2.02449282e-01
  9.99995515e+01  5.87176248e-01  6.34867512e-01 -6.20399895e-03
  5.16836101e+02  2.99998413e+02  3.00000228e+02  2.99998194e+02
  3.00000339e+02]"
216,12.329173369185089,192.91658938794475,"[ 1.00002396e+02  2.04566157e-01  3.36451646e-01  9.50636559e-01
  1.00002307e+02  3.51738838e-01  4.06424882e-01  7.38097394e-01
  1.00001721e+02  2.87674688e-01  3.72504602e-01  7.50829951e-01
  1.00001122e+02  2.73452030e-01  3.64008574e-01  6.06137849e-01
  9.99983424e+01  3.36767089e-01  4.76102677e-01  2.02533175e-01
  9.99995490e+01  5.87161322e-01  6.34836429e-01 -6.14491563e-03
  5.16836018e+02  2.99998412e+02  3.00000224e+02  2.99998192e+02
  3.00000340e+02]"
217,12.321627834962069,225.36197076058744,"[ 1.00002405e+02  2.04803263e-01  3.36291568e-01  9.50959414e-01
  1.00002260e+02  3.51173861e-01  4.06086312e-01  7.37451094e-01
  1.00001754e+02  2.88342368e-01  3.73257350e-01  7.51009997e-01
  1.00001068e+02  2.73653083e-01  3.63481826e-01  6.06086496e-01
  9.99983853e+01  3.36350042e-01  4.75942833e-01  2.02791002e-01
  9.99995689e+01  5.87292723e-01  6.34887995e-01 -5.96632553e-03
  5.16835963e+02  2.99998441e+02  3.00000255e+02  2.99998241e+02
  3.00000332e+02]"
218,12.321627834962069,164.01418409270696,"[ 1.00002405e+02  2.04803263e-01  3.36291568e-01  9.50959414e-01
  1.00002260e+02  3.51173861e-01  4.06086312e-01  7.37451094e-01
  1.00001754e+02  2.88342368e-01  3.73257350e-01  7.51009997e-01
  1.00001068e+02  2.73653083e-01  3.63481826e-01  6.06086496e-01
  9.99983853e+01  3.36350042e-01  4.75942833e-01  2.02791002e-01
  9.99995689e+01  5.87292723e-01  6.34887995e-01 -5.96632553e-03
  5.16835963e+02  2.99998441e+02  3.00000255e+02  2.99998241e+02
  3.00000332e+02]"
219,12.321627834962069,165.59442884116302,"[ 1.00002405e+02  2.04803263e-01  3.36291568e-01  9.50959414e-01
  1.00002260e+02  3.51173861e-01  4.06086312e-01  7.37451094e-01
  1.00001754e+02  2.88342368e-01  3.73257350e-01  7.51009997e-01
  1.00001068e+02  2.73653083e-01  3.63481826e-01  6.06086496e-01
  9.99983853e+01  3.36350042e-01  4.75942833e-01  2.02791002e-01
  9.99995689e+01  5.87292723e-01  6.34887995e-01 -5.96632553e-03
  5.16835963e+02  2.99998441e+02  3.00000255e+02  2.99998241e+02
  3.00000332e+02]"
220,12.321627834962069,166.25412953827677,"[ 1.00002405e+02  2.04803263e-01  3.36291568e-01  9.50959414e-01
  1.00002260e+02  3.51173861e-01  4.06086312e-01  7.37451094e-01
  1.00001754e+02  2.88342368e-01  3.73257350e-01  7.51009997e-01
  1.00001068e+02  2.73653083e-01  3.63481826e-01  6.06086496e-01
  9.99983853e+01  3.36350042e-01  4.75942833e-01  2.02791002e-01
  9.99995689e+01  5.87292723e-01  6.34887995e-01 -5.96632553e-03
  5.16835963e+02  2.99998441e+02  3.00000255e+02  2.99998241e+02
  3.00000332e+02]"
221,12.31969643311027,78.49830561821479,"[ 1.00002405e+02  2.04794231e-01  3.36288968e-01  9.50960080e-01
  1.00002261e+02  3.51190085e-01  4.06094784e-01  7.37449810e-01
  1.00001754e+02  2.88347715e-01  3.73255235e-01  7.51006658e-01
  1.00001068e+02  2.73661152e-01  3.63487386e-01  6.06086869e-01
  9.99983854e+01  3.36358851e-01  4.75945362e-01  2.02791775e-01
  9.99995688e+01  5.87290003e-01  6.34885514e-01 -5.96823326e-03
  5.16835963e+02  2.99998441e+02  3.00000255e+02  2.99998241e+02
  3.00000332e+02]"
222,12.31590260992767,80.35384923062277,"[ 1.00002405e+02  2.04777184e-01  3.36284324e-01  9.50961799e-01
  1.00002262e+02  3.51222479e-01  4.06111563e-01  7.37447895e-01
  1.00001754e+02  2.88358801e-01  3.73250495e-01  7.50999338e-01
  1.00001069e+02  2.73677716e-01  3.63498523e-01  6.06087486e-01
  9.99983855e+01  3.36376790e-01  4.75950405e-01  2.02793071e-01
  9.99995687e+01  5.87284583e-01  6.34880181e-01 -5.97228317e-03
  5.16835963e+02  2.99998441e+02  3.00000255e+02  2.99998240e+02
  3.00000332e+02]"
223,12.308576105458975,75.32559920475794,"[ 1.00002404e+02  2.04736310e-01  3.36274065e-01  9.50968621e-01
  1.00002264e+02  3.51286268e-01  4.06144425e-01  7.37435799e-01
  1.00001755e+02  2.88383614e-01  3.73248463e-01  7.50982430e-01
  1.00001069e+02  2.73716221e-01  3.63511720e-01  6.06088348e-01
  9.99983866e+01  3.36404667e-01  4.75958035e-01  2.02797669e-01
  9.99995687e+01  5.87276153e-01  6.34871943e-01 -5.97513805e-03
  5.16835963e+02  2.99998441e+02  3.00000255e+02  2.99998241e+02
  3.00000332e+02]"
224,12.297814152982783,77.28677408517437,"[ 1.00002403e+02  2.04633126e-01  3.36245480e-01  9.50996993e-01
  1.00002262e+02  3.51382188e-01  4.06192164e-01  7.37371459e-01
  1.00001757e+02  2.88433966e-01  3.73285798e-01  7.50942487e-01
  1.00001063e+02  2.73802345e-01  3.63480510e-01  6.06087121e-01
  9.99983926e+01  3.36407827e-01  4.75957501e-01  2.02816115e-01
  9.99995709e+01  5.87276228e-01  6.34871498e-01 -5.95390753e-03
  5.16835960e+02  2.99998445e+02  3.00000260e+02  2.99998246e+02
  3.00000331e+02]"
225,12.285143335367321,91.84089355984197,"[ 1.00002402e+02  2.04437477e-01  3.36192832e-01  9.51065463e-01
  1.00002255e+02  3.51502100e-01  4.06247354e-01  7.37210665e-01
  1.00001762e+02  2.88521805e-01  3.73399888e-01  7.50863659e-01
  1.00001045e+02  2.73967991e-01  3.63356792e-01  6.06080694e-01
  9.99984069e+01  3.36350446e-01  4.75936449e-01  2.02858440e-01
  9.99995770e+01  5.87296464e-01  6.34887050e-01 -5.88309718e-03
  5.16835955e+02  2.99998454e+02  3.00000272e+02  2.99998260e+02
  3.00000328e+02]"
226,12.236002470640301,59.17475348726321,"[ 1.00002402e+02  2.04377573e-01  3.36271072e-01  9.51192669e-01
  1.00002265e+02  3.51920853e-01  4.06426283e-01  7.36990055e-01
  1.00001754e+02  2.88803626e-01  3.73403412e-01  7.50735569e-01
  1.00001047e+02  2.74351551e-01  3.63484745e-01  6.06081755e-01
  9.99984070e+01  3.36687160e-01  4.76037385e-01  2.02915645e-01
  9.99995788e+01  5.87236267e-01  6.34784684e-01 -5.92126605e-03
  5.16835970e+02  2.99998452e+02  3.00000280e+02  2.99998259e+02
  3.00000328e+02]"
227,12.162556873721638,61.41243296378403,"[ 1.00002416e+02  2.04196960e-01  3.36639742e-01  9.51264282e-01
  1.00002298e+02  3.52860048e-01  4.06786454e-01  7.36698438e-01
  1.00001767e+02  2.89019097e-01  3.73362088e-01  7.50520206e-01
  1.00001051e+02  2.75146356e-01  3.63656026e-01  6.05910987e-01
  9.99984072e+01  3.37348438e-01  4.76324115e-01  2.02853239e-01
  9.99995772e+01  5.87035455e-01  6.34530190e-01 -6.07872209e-03
  5.16836131e+02  2.99998437e+02  3.00000284e+02  2.99998240e+02
  3.00000328e+02]"
228,12.116692281700763,85.03469466281912,"[ 1.00002447e+02  2.03793641e-01  3.37735241e-01  9.51063101e-01
  1.00002344e+02  3.54589644e-01  4.07346108e-01  7.36233450e-01
  1.00001742e+02  2.89043856e-01  3.73109189e-01  7.50398655e-01
  1.00001044e+02  2.76696407e-01  3.63856130e-01  6.05317121e-01
  9.99983280e+01  3.38610838e-01  4.77261189e-01  2.02489915e-01
  9.99995862e+01  5.86829494e-01  6.34142008e-01 -6.30134725e-03
  5.16836662e+02  2.99998391e+02  3.00000332e+02  2.99998177e+02
  3.00000316e+02]"
229,12.116692281700763,161.60165832370964,"[ 1.00002447e+02  2.03793641e-01  3.37735241e-01  9.51063101e-01
  1.00002344e+02  3.54589644e-01  4.07346108e-01  7.36233450e-01
  1.00001742e+02  2.89043856e-01  3.73109189e-01  7.50398655e-01
  1.00001044e+02  2.76696407e-01  3.63856130e-01  6.05317121e-01
  9.99983280e+01  3.38610838e-01  4.77261189e-01  2.02489915e-01
  9.99995862e+01  5.86829494e-01  6.34142008e-01 -6.30134725e-03
  5.16836662e+02  2.99998391e+02  3.00000332e+02  2.99998177e+02
  3.00000316e+02]"
230,12.033232874994706,160.19628419424924,"[ 1.00002475e+02  2.04256017e-01  3.37506676e-01  9.51233944e-01
  1.00002309e+02  3.53760075e-01  4.07016833e-01  7.36144649e-01
  1.00001719e+02  2.89863100e-01  3.73668891e-01  7.50331621e-01
  1.00001035e+02  2.76918133e-01  3.63369237e-01  6.05237631e-01
  9.99982884e+01  3.38234259e-01  4.77003259e-01  2.02494183e-01
  9.99995989e+01  5.87121505e-01  6.34376334e-01 -6.27396959e-03
  5.16836622e+02  2.99998389e+02  3.00000345e+02  2.99998181e+02
  3.00000313e+02]"
231,11.857777122212875,66.1183235432428,"[ 1.00002458e+02  2.05037888e-01  3.37872016e-01  9.51499514e-01
  1.00002322e+02  3.54717449e-01  4.07563462e-01  7.35559999e-01
  1.00001629e+02  2.91888919e-01  3.74230430e-01  7.49888779e-01
  1.00001044e+02  2.78275164e-01  3.63265848e-01  6.05267168e-01
  9.99982409e+01  3.39479954e-01  4.77208575e-01  2.02508455e-01
  9.99995979e+01  5.86935945e-01  6.33860251e-01 -6.68939266e-03
  5.16836495e+02  2.99998324e+02  3.00000371e+02  2.99998107e+02
  3.00000323e+02]"
232,11.645816167253106,111.10324122393877,"[ 1.00002569e+02  2.06313127e-01  3.39247499e-01  9.49479635e-01
  1.00002242e+02  3.57305794e-01  4.09152129e-01  7.36290538e-01
  1.00001286e+02  2.94143058e-01  3.74959334e-01  7.49678695e-01
  1.00001057e+02  2.81687718e-01  3.63087021e-01  6.05017321e-01
  9.99977375e+01  3.40330596e-01  4.79014708e-01  2.03456399e-01
  9.99996456e+01  5.87488502e-01  6.33230042e-01 -8.38122217e-03
  5.16836300e+02  2.99998059e+02  3.00000454e+02  2.99997832e+02
  3.00000333e+02]"
233,11.645816167253106,121.54115054622469,"[ 1.00002569e+02  2.06313127e-01  3.39247499e-01  9.49479635e-01
  1.00002242e+02  3.57305794e-01  4.09152129e-01  7.36290538e-01
  1.00001286e+02  2.94143058e-01  3.74959334e-01  7.49678695e-01
  1.00001057e+02  2.81687718e-01  3.63087021e-01  6.05017321e-01
  9.99977375e+01  3.40330596e-01  4.79014708e-01  2.03456399e-01
  9.99996456e+01  5.87488502e-01  6.33230042e-01 -8.38122217e-03
  5.16836300e+02  2.99998059e+02  3.00000454e+02  2.99997832e+02
  3.00000333e+02]"
234,11.570385089981697,120.50329600501169,"[ 1.00002655e+02  2.07421053e-01  3.39593327e-01  9.48823604e-01
  1.00002278e+02  3.58435185e-01  4.09996575e-01  7.37120846e-01
  1.00001088e+02  2.95352353e-01  3.75468732e-01  7.50507488e-01
  1.00001099e+02  2.82822975e-01  3.63227890e-01  6.04376374e-01
  9.99973946e+01  3.40974457e-01  4.80093667e-01  2.03775614e-01
  9.99996696e+01  5.87948479e-01  6.33422596e-01 -8.02625104e-03
  5.16835993e+02  2.99997968e+02  3.00000562e+02  2.99997678e+02
  3.00000290e+02]"
235,11.570385089981697,139.91615870656275,"[ 1.00002655e+02  2.07421053e-01  3.39593327e-01  9.48823604e-01
  1.00002278e+02  3.58435185e-01  4.09996575e-01  7.37120846e-01
  1.00001088e+02  2.95352353e-01  3.75468732e-01  7.50507488e-01
  1.00001099e+02  2.82822975e-01  3.63227890e-01  6.04376374e-01
  9.99973946e+01  3.40974457e-01  4.80093667e-01  2.03775614e-01
  9.99996696e+01  5.87948479e-01  6.33422596e-01 -8.02625104e-03
  5.16835993e+02  2.99997968e+02  3.00000562e+02  2.99997678e+02
  3.00000290e+02]"
236,11.520685264288556,237.49649222615596,"[ 1.00002666e+02  2.07035615e-01  3.39232652e-01  9.49347222e-01
  1.00002286e+02  3.58550784e-01  4.09726374e-01  7.36715405e-01
  1.00001086e+02  2.95548965e-01  3.75243468e-01  7.50657005e-01
  1.00001130e+02  2.84011938e-01  3.63248575e-01  6.04467354e-01
  9.99973981e+01  3.41361010e-01  4.80156519e-01  2.03393596e-01
  9.99996729e+01  5.87888097e-01  6.33137851e-01 -7.99230115e-03
  5.16836104e+02  2.99997975e+02  3.00000567e+02  2.99997692e+02
  3.00000289e+02]"
237,11.520685264288556,230.84884539611443,"[ 1.00002666e+02  2.07035615e-01  3.39232652e-01  9.49347222e-01
  1.00002286e+02  3.58550784e-01  4.09726374e-01  7.36715405e-01
  1.00001086e+02  2.95548965e-01  3.75243468e-01  7.50657005e-01
  1.00001130e+02  2.84011938e-01  3.63248575e-01  6.04467354e-01
  9.99973981e+01  3.41361010e-01  4.80156519e-01  2.03393596e-01
  9.99996729e+01  5.87888097e-01  6.33137851e-01 -7.99230115e-03
  5.16836104e+02  2.99997975e+02  3.00000567e+02  2.99997692e+02
  3.00000289e+02]"
238,11.5185665182086,220.2675268960202,"[ 1.00002663e+02  2.06654731e-01  3.39016046e-01  9.49514162e-01
  1.00002321e+02  3.58720618e-01  4.09748084e-01  7.36795835e-01
  1.00001135e+02  2.95687174e-01  3.75139965e-01  7.50745842e-01
  1.00001148e+02  2.84353098e-01  3.63680071e-01  6.04420007e-01
  9.99974427e+01  3.41555260e-01  4.80103091e-01  2.03380411e-01
  9.99996670e+01  5.87708652e-01  6.33124596e-01 -8.06594506e-03
  5.16836124e+02  2.99997996e+02  3.00000556e+02  2.99997714e+02
  3.00000289e+02]"
239,11.5185665182086,236.07579924041966,"[ 1.00002663e+02  2.06654731e-01  3.39016046e-01  9.49514162e-01
  1.00002321e+02  3.58720618e-01  4.09748084e-01  7.36795835e-01
  1.00001135e+02  2.95687174e-01  3.75139965e-01  7.50745842e-01
  1.00001148e+02  2.84353098e-01  3.63680071e-01  6.04420007e-01
  9.99974427e+01  3.41555260e-01  4.80103091e-01  2.03380411e-01
  9.99996670e+01  5.87708652e-01  6.33124596e-01 -8.06594506e-03
  5.16836124e+02  2.99997996e+02  3.00000556e+02  2.99997714e+02
  3.00000289e+02]"
240,11.517674899338173,239.16588716923613,"[ 1.00002663e+02  2.06574633e-01  3.39009910e-01  9.49547079e-01
  1.00002329e+02  3.58774041e-01  4.09766159e-01  7.36830061e-01
  1.00001145e+02  2.95740162e-01  3.75118198e-01  7.50766977e-01
  1.00001153e+02  2.84438822e-01  3.63782492e-01  6.04408799e-01
  9.99974519e+01  3.41628046e-01  4.80101180e-01  2.03376064e-01
  9.99996656e+01  5.87660574e-01  6.33091042e-01 -8.07476021e-03
  5.16836130e+02  2.99998000e+02  3.00000554e+02  2.99997718e+02
  3.00000289e+02]"
241,11.500276269924827,88.2134606468135,"[ 1.00002665e+02  2.06668733e-01  3.39065303e-01  9.49596544e-01
  1.00002328e+02  3.58730425e-01  4.09720837e-01  7.36743063e-01
  1.00001147e+02  2.95836102e-01  3.75162368e-01  7.50774870e-01
  1.00001152e+02  2.84443137e-01  3.63776085e-01  6.04393991e-01
  9.99974550e+01  3.41691009e-01  4.80124297e-01  2.03393614e-01
  9.99996656e+01  5.87644509e-01  6.33076899e-01 -8.08347987e-03
  5.16836130e+02  2.99998001e+02  3.00000555e+02  2.99997719e+02
  3.00000289e+02]"
242,11.476227194510729,98.67636597874926,"[ 1.00002668e+02  2.06813411e-01  3.39142782e-01  9.49732385e-01
  1.00002321e+02  3.58641436e-01  4.09623940e-01  7.36507913e-01
  1.00001159e+02  2.95975950e-01  3.75296161e-01  7.50773349e-01
  1.00001140e+02  2.84486876e-01  3.63693000e-01  6.04370354e-01
  9.99974740e+01  3.41750473e-01  4.80135850e-01  2.03423085e-01
  9.99996686e+01  5.87625985e-01  6.33075230e-01 -8.06974173e-03
  5.16836118e+02  2.99998009e+02  3.00000561e+02  2.99997732e+02
  3.00000288e+02]"
243,11.46090339095198,148.5292065808038,"[ 1.00002673e+02  2.06929163e-01  3.39189047e-01  9.50023736e-01
  1.00002292e+02  3.58492816e-01  4.09469976e-01  7.35993652e-01
  1.00001188e+02  2.96093224e-01  3.75619742e-01  7.50716410e-01
  1.00001096e+02  2.84647288e-01  3.63390267e-01  6.04340494e-01
  9.99975296e+01  3.41688423e-01  4.80078917e-01  2.03461692e-01
  9.99996808e+01  5.87644550e-01  6.33140899e-01 -7.97593377e-03
  5.16836079e+02  2.99998038e+02  3.00000582e+02  2.99997774e+02
  3.00000282e+02]"
244,11.436773830117048,73.90602304440634,"[ 1.00002716e+02  2.07595396e-01  3.39582290e-01  9.49954172e-01
  1.00002336e+02  3.58658653e-01  4.09458723e-01  7.35816052e-01
  1.00001130e+02  2.96920764e-01  3.75493251e-01  7.50906062e-01
  1.00001173e+02  2.84365607e-01  3.63733005e-01  6.04142390e-01
  9.99974107e+01  3.42455158e-01  4.80538943e-01  2.03712874e-01
  9.99996617e+01  5.87485772e-01  6.32989295e-01 -8.24303684e-03
  5.16835795e+02  2.99997981e+02  3.00000560e+02  2.99997689e+02
  3.00000288e+02]"
245,11.436773830117048,90.01331925953113,"[ 1.00002716e+02  2.07595396e-01  3.39582290e-01  9.49954172e-01
  1.00002336e+02  3.58658653e-01  4.09458723e-01  7.35816052e-01
  1.00001130e+02  2.96920764e-01  3.75493251e-01  7.50906062e-01
  1.00001173e+02  2.84365607e-01  3.63733005e-01  6.04142390e-01
  9.99974107e+01  3.42455158e-01  4.80538943e-01  2.03712874e-01
  9.99996617e+01  5.87485772e-01  6.32989295e-01 -8.24303684e-03
  5.16835795e+02  2.99997981e+02  3.00000560e+02  2.99997689e+02
  3.00000288e+02]"
246,11.436773830117048,90.30606359766279,"[ 1.00002716e+02  2.07595396e-01  3.39582290e-01  9.49954172e-01
  1.00002336e+02  3.58658653e-01  4.09458723e-01  7.35816052e-01
  1.00001130e+02  2.96920764e-01  3.75493251e-01  7.50906062e-01
  1.00001173e+02  2.84365607e-01  3.63733005e-01  6.04142390e-01
  9.99974107e+01  3.42455158e-01  4.80538943e-01  2.03712874e-01
  9.99996617e+01  5.87485772e-01  6.32989295e-01 -8.24303684e-03
  5.16835795e+02  2.99997981e+02  3.00000560e+02  2.99997689e+02
  3.00000288e+02]"
247,11.436773830117048,89.83960560387615,"[ 1.00002716e+02  2.07595396e-01  3.39582290e-01  9.49954172e-01
  1.00002336e+02  3.58658653e-01  4.09458723e-01  7.35816052e-01
  1.00001130e+02  2.96920764e-01  3.75493251e-01  7.50906062e-01
  1.00001173e+02  2.84365607e-01  3.63733005e-01  6.04142390e-01
  9.99974107e+01  3.42455158e-01  4.80538943e-01  2.03712874e-01
  9.99996617e+01  5.87485772e-01  6.32989295e-01 -8.24303684e-03
  5.16835795e+02  2.99997981e+02  3.00000560e+02  2.99997689e+02
  3.00000288e+02]"
248,11.436773830117048,89.82514750216153,"[ 1.00002716e+02  2.07595396e-01  3.39582290e-01  9.49954172e-01
  1.00002336e+02  3.58658653e-01  4.09458723e-01  7.35816052e-01
  1.00001130e+02  2.96920764e-01  3.75493251e-01  7.50906062e-01
  1.00001173e+02  2.84365607e-01  3.63733005e-01  6.04142390e-01
  9.99974107e+01  3.42455158e-01  4.80538943e-01  2.03712874e-01
  9.99996617e+01  5.87485772e-01  6.32989295e-01 -8.24303684e-03
  5.16835795e+02  2.99997981e+02  3.00000560e+02  2.99997689e+02
  3.00000288e+02]"
249,11.436773830117048,90.01744238065397,"[ 1.00002716e+02  2.07595396e-01  3.39582290e-01  9.49954172e-01
  1.00002336e+02  3.58658653e-01  4.09458723e-01  7.35816052e-01
  1.00001130e+02  2.96920764e-01  3.75493251e-01  7.50906062e-01
  1.00001173e+02  2.84365607e-01  3.63733005e-01  6.04142390e-01
  9.99974107e+01  3.42455158e-01  4.80538943e-01  2.03712874e-01
  9.99996617e+01  5.87485772e-01  6.32989295e-01 -8.24303684e-03
  5.16835795e+02  2.99997981e+02  3.00000560e+02  2.99997689e+02
  3.00000288e+02]"
250,11.436773830117048,89.66122517001493,"[ 1.00002716e+02  2.07595396e-01  3.39582290e-01  9.49954172e-01
  1.00002336e+02  3.58658653e-01  4.09458723e-01  7.35816052e-01
  1.00001130e+02  2.96920764e-01  3.75493251e-01  7.50906062e-01
  1.00001173e+02  2.84365607e-01  3.63733005e-01  6.04142390e-01
  9.99974107e+01  3.42455158e-01  4.80538943e-01  2.03712874e-01
  9.99996617e+01  5.87485772e-01  6.32989295e-01 -8.24303684e-03
  5.16835795e+02  2.99997981e+02  3.00000560e+02  2.99997689e+02
  3.00000288e+02]"
251,11.436709820296723,79.31228493354914,"[ 1.00002716e+02  2.07594951e-01  3.39582109e-01  9.49954209e-01
  1.00002336e+02  3.58659061e-01  4.09458965e-01  7.35815921e-01
  1.00001130e+02  2.96920758e-01  3.75493221e-01  7.50905899e-01
  1.00001173e+02  2.84365962e-01  3.63733112e-01  6.04142442e-01
  9.99974108e+01  3.42455243e-01  4.80538925e-01  2.03712876e-01
  9.99996617e+01  5.87485738e-01  6.32989271e-01 -8.24302599e-03
  5.16835795e+02  2.99997981e+02  3.00000560e+02  2.99997689e+02
  3.00000288e+02]"
252,11.436579848796953,78.5079546591728,"[ 1.00002716e+02  2.07594062e-01  3.39581757e-01  9.49954262e-01
  1.00002336e+02  3.58659900e-01  4.09459452e-01  7.35815720e-01
  1.00001130e+02  2.96920772e-01  3.75493115e-01  7.50905586e-01
  1.00001173e+02  2.84366643e-01  3.63733375e-01  6.04142540e-01
  9.99974108e+01  3.42455453e-01  4.80538911e-01  2.03712876e-01
  9.99996617e+01  5.87485658e-01  6.32989205e-01 -8.24302846e-03
  5.16835795e+02  2.99997981e+02  3.00000560e+02  2.99997689e+02
  3.00000288e+02]"
253,11.436357362975746,87.398652644805,"[ 1.00002716e+02  2.07592342e-01  3.39581041e-01  9.49954593e-01
  1.00002336e+02  3.58661259e-01  4.09460268e-01  7.35814708e-01
  1.00001130e+02  2.96920507e-01  3.75493376e-01  7.50904896e-01
  1.00001173e+02  2.84368225e-01  3.63733365e-01  6.04142776e-01
  9.99974109e+01  3.42455434e-01  4.80538702e-01  2.03712846e-01
  9.99996617e+01  5.87485669e-01  6.32989310e-01 -8.24285985e-03
  5.16835795e+02  2.99997981e+02  3.00000560e+02  2.99997689e+02
  3.00000288e+02]"
254,11.435835040658493,77.77313321902467,"[ 1.00002716e+02  2.07588805e-01  3.39579646e-01  9.49954710e-01
  1.00002336e+02  3.58664667e-01  4.09462257e-01  7.35814154e-01
  1.00001130e+02  2.96920641e-01  3.75492761e-01  7.50903682e-01
  1.00001173e+02  2.84370797e-01  3.63734619e-01  6.04143163e-01
  9.99974110e+01  3.42456396e-01  4.80538687e-01  2.03712876e-01
  9.99996617e+01  5.87485283e-01  6.32989000e-01 -8.24296614e-03
  5.16835795e+02  2.99997981e+02  3.00000560e+02  2.99997689e+02
  3.00000288e+02]"
255,11.434805918230712,78.2619008173983,"[ 1.00002716e+02  2.07581678e-01  3.39576817e-01  9.49955107e-01
  1.00002336e+02  3.58671361e-01  4.09466150e-01  7.35812572e-01
  1.00001130e+02  2.96920714e-01  3.75491869e-01  7.50901188e-01
  1.00001173e+02  2.84376232e-01  3.63736757e-01  6.04143979e-01
  9.99974112e+01  3.42458101e-01  4.80538579e-01  2.03712928e-01
  9.99996618e+01  5.87484631e-01  6.32988481e-01 -8.24311059e-03
  5.16835795e+02  2.99997981e+02  3.00000560e+02  2.99997689e+02
  3.00000288e+02]"
256,11.432808088443815,77.60717136499775,"[ 1.00002716e+02  2.07567462e-01  3.39571144e-01  9.49956405e-01
  1.00002336e+02  3.58684413e-01  4.09473829e-01  7.35808219e-01
  1.00001130e+02  2.96920602e-01  3.75490933e-01  7.50895975e-01
  1.00001173e+02  2.84387637e-01  3.63740255e-01  6.04145606e-01
  9.99974118e+01  3.42460852e-01  4.80538037e-01  2.03712902e-01
  9.99996619e+01  5.87483521e-01  6.32987766e-01 -8.24268856e-03
  5.16835795e+02  2.99997981e+02  3.00000560e+02  2.99997689e+02
  3.00000288e+02]"
257,11.42888634581184,76.7878758539592,"[ 1.00002715e+02  2.07538917e-01  3.39559621e-01  9.49958662e-01
  1.00002336e+02  3.58710644e-01  4.09489096e-01  7.35800243e-01
  1.00001131e+02  2.96920552e-01  3.75488367e-01  7.50885674e-01
  1.00001173e+02  2.84410040e-01  3.63747867e-01  6.04149045e-01
  9.99974130e+01  3.42467015e-01  4.80537065e-01  2.03713049e-01
  9.99996621e+01  5.87481097e-01  6.32986186e-01 -8.24288393e-03
  5.16835794e+02  2.99997982e+02  3.00000561e+02  2.99997690e+02
  3.00000288e+02]"
258,11.421532953641188,76.46520832447273,"[ 1.00002714e+02  2.07482193e-01  3.39536628e-01  9.49964500e-01
  1.00002337e+02  3.58762021e-01  4.09519091e-01  7.35781224e-01
  1.00001132e+02  2.96919615e-01  3.75485355e-01  7.50864726e-01
  1.00001171e+02  2.84456498e-01  3.63761090e-01  6.04156053e-01
  9.99974155e+01  3.42478079e-01  4.80534634e-01  2.03712491e-01
  9.99996625e+01  5.87476669e-01  6.32983059e-01 -8.24156371e-03
  5.16835793e+02  2.99997983e+02  3.00000562e+02  2.99997692e+02
  3.00000288e+02]"
259,11.40927268866094,78.87427304317615,"[ 1.00002712e+02  2.07371114e-01  3.39490575e-01  9.49984471e-01
  1.00002336e+02  3.58853922e-01  4.09572156e-01  7.35722357e-01
  1.00001134e+02  2.96909006e-01  3.75494823e-01  7.50821060e-01
  1.00001167e+02  2.84557804e-01  3.63770574e-01  6.04171888e-01
  9.99974232e+01  3.42487111e-01  4.80524504e-01  2.03708646e-01
  9.99996643e+01  5.87473139e-01  6.32982865e-01 -8.23298177e-03
  5.16835790e+02  2.99997987e+02  3.00000565e+02  2.99997698e+02
  3.00000287e+02]"
260,11.389742550931503,84.4241572089093,"[ 1.00002709e+02  2.07211479e-01  3.39435465e-01  9.49947064e-01
  1.00002350e+02  3.59057795e-01  4.09693169e-01  7.35789154e-01
  1.00001129e+02  2.96965759e-01  3.75385201e-01  7.50780827e-01
  1.00001182e+02  2.84647956e-01  3.63939989e-01  6.04193030e-01
  9.99974127e+01  3.42616412e-01  4.80556294e-01  2.03714156e-01
  9.99996600e+01  5.87424054e-01  6.32929386e-01 -8.28034480e-03
  5.16835805e+02  2.99997980e+02  3.00000558e+02  2.99997687e+02
  3.00000289e+02]"
261,11.350429010837354,47.29701035904311,"[ 1.00002707e+02  2.07003408e-01  3.39403480e-01  9.50115535e-01
  1.00002355e+02  3.59381550e-01  4.09823404e-01  7.35435394e-01
  1.00001140e+02  2.97182231e-01  3.75433772e-01  7.50617875e-01
  1.00001175e+02  2.85106981e-01  3.64091006e-01  6.04229715e-01
  9.99974365e+01  3.42824638e-01  4.80567770e-01  2.03737730e-01
  9.99996631e+01  5.87350349e-01  6.32874150e-01 -8.29102880e-03
  5.16835803e+02  2.99997992e+02  3.00000566e+02  2.99997704e+02
  3.00000287e+02]"
262,11.284491412036287,43.5273467604472,"[ 1.00002712e+02  2.06719973e-01  3.39222463e-01  9.50399376e-01
  1.00002375e+02  3.59897635e-01  4.10009818e-01  7.34798130e-01
  1.00001148e+02  2.97622579e-01  3.75508830e-01  7.50506830e-01
  1.00001192e+02  2.86035589e-01  3.64448293e-01  6.04373909e-01
  9.99974579e+01  3.43349756e-01  4.80673084e-01  2.03473789e-01
  9.99996568e+01  5.87068934e-01  6.32527316e-01 -8.35607874e-03
  5.16836029e+02  2.99997981e+02  3.00000570e+02  2.99997696e+02
  3.00000293e+02]"
263,11.25686842879663,63.910086856798834,"[ 1.00002722e+02  2.06298189e-01  3.38854842e-01  9.50626643e-01
  1.00002407e+02  3.60046452e-01  4.09997149e-01  7.34646150e-01
  1.00001423e+02  2.97823866e-01  3.76259324e-01  7.50636043e-01
  1.00001200e+02  2.87701113e-01  3.64506343e-01  6.05647489e-01
  9.99978248e+01  3.44180919e-01  4.79861332e-01  2.02835707e-01
  9.99995720e+01  5.85650964e-01  6.31404389e-01 -8.36941369e-03
  5.16836514e+02  2.99997960e+02  3.00000409e+02  2.99997712e+02
  3.00000373e+02]"
264,11.25686842879663,78.39306071280555,"[ 1.00002722e+02  2.06298189e-01  3.38854842e-01  9.50626643e-01
  1.00002407e+02  3.60046452e-01  4.09997149e-01  7.34646150e-01
  1.00001423e+02  2.97823866e-01  3.76259324e-01  7.50636043e-01
  1.00001200e+02  2.87701113e-01  3.64506343e-01  6.05647489e-01
  9.99978248e+01  3.44180919e-01  4.79861332e-01  2.02835707e-01
  9.99995720e+01  5.85650964e-01  6.31404389e-01 -8.36941369e-03
  5.16836514e+02  2.99997960e+02  3.00000409e+02  2.99997712e+02
  3.00000373e+02]"
265,11.252693615222668,83.74880375960755,"[ 1.00002733e+02  2.06075062e-01  3.38759212e-01  9.50708869e-01
  1.00002390e+02  3.60224825e-01  4.10081642e-01  7.34536670e-01
  1.00001365e+02  2.98062246e-01  3.76385267e-01  7.50730271e-01
  1.00001213e+02  2.88185496e-01  3.64544549e-01  6.05881740e-01
  9.99977774e+01  3.44416954e-01  4.79885121e-01  2.02721164e-01
  9.99995786e+01  5.85688125e-01  6.31092383e-01 -8.36573747e-03
  5.16836654e+02  2.99997936e+02  3.00000426e+02  2.99997694e+02
  3.00000376e+02]"
266,11.185249074460833,104.70322315545039,"[ 1.00002741e+02  2.06482558e-01  3.38995107e-01  9.50883863e-01
  1.00002391e+02  3.60135781e-01  4.09945908e-01  7.34260934e-01
  1.00001373e+02  2.98428341e-01  3.76525017e-01  7.50750824e-01
  1.00001207e+02  2.88047513e-01  3.64439352e-01  6.05783356e-01
  9.99977867e+01  3.44722628e-01  4.80030902e-01  2.02826168e-01
  9.99995784e+01  5.85625369e-01  6.31029000e-01 -8.40725315e-03
  5.16836654e+02  2.99997938e+02  3.00000427e+02  2.99997697e+02
  3.00000376e+02]"
267,11.130658225987105,90.03456081630688,"[ 1.00002775e+02  2.07164261e-01  3.39416386e-01  9.51253036e-01
  1.00002410e+02  3.60322471e-01  4.09921597e-01  7.33856932e-01
  1.00001370e+02  2.99258347e-01  3.76659168e-01  7.50617498e-01
  1.00001216e+02  2.87721374e-01  3.64142426e-01  6.05522797e-01
  9.99977767e+01  3.45474382e-01  4.80338126e-01  2.03035286e-01
  9.99995714e+01  5.85479356e-01  6.30895477e-01 -8.45635130e-03
  5.16836495e+02  2.99997926e+02  3.00000425e+02  2.99997679e+02
  3.00000379e+02]"
268,11.130658225987105,72.59200790942353,"[ 1.00002775e+02  2.07164261e-01  3.39416386e-01  9.51253036e-01
  1.00002410e+02  3.60322471e-01  4.09921597e-01  7.33856932e-01
  1.00001370e+02  2.99258347e-01  3.76659168e-01  7.50617498e-01
  1.00001216e+02  2.87721374e-01  3.64142426e-01  6.05522797e-01
  9.99977767e+01  3.45474382e-01  4.80338126e-01  2.03035286e-01
  9.99995714e+01  5.85479356e-01  6.30895477e-01 -8.45635130e-03
  5.16836495e+02  2.99997926e+02  3.00000425e+02  2.99997679e+02
  3.00000379e+02]"
269,11.130658225987105,72.84423074955674,"[ 1.00002775e+02  2.07164261e-01  3.39416386e-01  9.51253036e-01
  1.00002410e+02  3.60322471e-01  4.09921597e-01  7.33856932e-01
  1.00001370e+02  2.99258347e-01  3.76659168e-01  7.50617498e-01
  1.00001216e+02  2.87721374e-01  3.64142426e-01  6.05522797e-01
  9.99977767e+01  3.45474382e-01  4.80338126e-01  2.03035286e-01
  9.99995714e+01  5.85479356e-01  6.30895477e-01 -8.45635130e-03
  5.16836495e+02  2.99997926e+02  3.00000425e+02  2.99997679e+02
  3.00000379e+02]"
270,11.130658225987105,72.93145210544203,"[ 1.00002775e+02  2.07164261e-01  3.39416386e-01  9.51253036e-01
  1.00002410e+02  3.60322471e-01  4.09921597e-01  7.33856932e-01
  1.00001370e+02  2.99258347e-01  3.76659168e-01  7.50617498e-01
  1.00001216e+02  2.87721374e-01  3.64142426e-01  6.05522797e-01
  9.99977767e+01  3.45474382e-01  4.80338126e-01  2.03035286e-01
  9.99995714e+01  5.85479356e-01  6.30895477e-01 -8.45635130e-03
  5.16836495e+02  2.99997926e+02  3.00000425e+02  2.99997679e+02
  3.00000379e+02]"
271,11.127431424941683,78.64922624925711,"[ 1.00002775e+02  2.07143120e-01  3.39410993e-01  9.51259627e-01
  1.00002410e+02  3.60353331e-01  4.09935677e-01  7.33850874e-01
  1.00001370e+02  2.99265941e-01  3.76655944e-01  7.50602155e-01
  1.00001216e+02  2.87745140e-01  3.64142048e-01  6.05522589e-01
  9.99977777e+01  3.45483447e-01  4.80338482e-01  2.03036711e-01
  9.99995717e+01  5.85478584e-01  6.30893416e-01 -8.45551407e-03
  5.16836497e+02  2.99997926e+02  3.00000426e+02  2.99997680e+02
  3.00000379e+02]"
272,11.121010232830708,73.30407874259791,"[ 1.00002774e+02  2.07100648e-01  3.39398530e-01  9.51267968e-01
  1.00002412e+02  3.60417405e-01  4.09967462e-01  7.33840356e-01
  1.00001370e+02  2.99278293e-01  3.76645394e-01  7.50576805e-01
  1.00001215e+02  2.87787238e-01  3.64153710e-01  6.05524589e-01
  9.99977790e+01  3.45505946e-01  4.80341422e-01  2.03039280e-01
  9.99995719e+01  5.85473007e-01  6.30886534e-01 -8.45740115e-03
  5.16836499e+02  2.99997927e+02  3.00000426e+02  2.99997681e+02
  3.00000379e+02]"
273,11.110172865243916,82.2404701625714,"[ 1.00002773e+02  2.07041579e-01  3.39374670e-01  9.51262318e-01
  1.00002419e+02  3.60533760e-01  4.10034380e-01  7.33842385e-01
  1.00001368e+02  2.99293836e-01  3.76596570e-01  7.50556565e-01
  1.00001222e+02  2.87830787e-01  3.64241434e-01  6.05540623e-01
  9.99977749e+01  3.45574363e-01  4.80359268e-01  2.03035961e-01
  9.99995698e+01  5.85442595e-01  6.30857822e-01 -8.48614529e-03
  5.16836501e+02  2.99997923e+02  3.00000423e+02  2.99997676e+02
  3.00000380e+02]"
274,11.100289677875926,92.12286034899098,"[ 1.00002771e+02  2.06885181e-01  3.39341177e-01  9.51340453e-01
  1.00002408e+02  3.60674050e-01  4.10084280e-01  7.33726913e-01
  1.00001377e+02  2.99312757e-01  3.76668415e-01  7.50435518e-01
  1.00001198e+02  2.88027593e-01  3.64074855e-01  6.05515799e-01
  9.99978003e+01  3.45535875e-01  4.80324050e-01  2.03062220e-01
  9.99995779e+01  5.85487884e-01  6.30893580e-01 -8.40149987e-03
  5.16836509e+02  2.99997941e+02  3.00000438e+02  2.99997699e+02
  3.00000375e+02]"
275,11.072723601767231,69.01994367801969,"[ 1.00002765e+02  2.06714716e-01  3.39295602e-01  9.51330315e-01
  1.00002430e+02  3.61110888e-01  4.10351459e-01  7.33613418e-01
  1.00001367e+02  2.99400824e-01  3.76491347e-01  7.50333897e-01
  1.00001218e+02  2.88292906e-01  3.64417566e-01  6.05613785e-01
  9.99977916e+01  3.45828958e-01  4.80348092e-01  2.03000068e-01
  9.99995706e+01  5.85388743e-01  6.30773679e-01 -8.51865664e-03
  5.16836539e+02  2.99997927e+02  3.00000428e+02  2.99997681e+02
  3.00000380e+02]"
276,11.001844202280257,52.95886925735522,"[ 1.00002822e+02  2.07024257e-01  3.39672185e-01  9.51821112e-01
  1.00002442e+02  3.61516634e-01  4.10410118e-01  7.32939421e-01
  1.00001310e+02  3.00232625e-01  3.76654564e-01  7.50056840e-01
  1.00001231e+02  2.88799506e-01  3.64261590e-01  6.05477670e-01
  9.99977389e+01  3.46468734e-01  4.80595992e-01  2.03067355e-01
  9.99995765e+01  5.85346398e-01  6.30571002e-01 -8.41378289e-03
  5.16836529e+02  2.99997909e+02  3.00000462e+02  2.99997658e+02
  3.00000376e+02]"
277,10.919105132690557,42.75189470345132,"[ 1.00002921e+02  2.06372231e-01  3.41176285e-01  9.52811596e-01
  1.00002532e+02  3.61772102e-01  4.10392947e-01  7.32813994e-01
  1.00001108e+02  3.01536857e-01  3.76078945e-01  7.49425354e-01
  1.00001346e+02  2.89860451e-01  3.63671353e-01  6.04982678e-01
  9.99975332e+01  3.47678766e-01  4.80473890e-01  2.02189598e-01
  9.99995509e+01  5.85478622e-01  6.29794205e-01 -8.28197279e-03
  5.16836587e+02  2.99997791e+02  3.00000479e+02  2.99997499e+02
  3.00000392e+02]"
278,10.919105132690557,108.04565406112637,"[ 1.00002921e+02  2.06372231e-01  3.41176285e-01  9.52811596e-01
  1.00002532e+02  3.61772102e-01  4.10392947e-01  7.32813994e-01
  1.00001108e+02  3.01536857e-01  3.76078945e-01  7.49425354e-01
  1.00001346e+02  2.89860451e-01  3.63671353e-01  6.04982678e-01
  9.99975332e+01  3.47678766e-01  4.80473890e-01  2.02189598e-01
  9.99995509e+01  5.85478622e-01  6.29794205e-01 -8.28197279e-03
  5.16836587e+02  2.99997791e+02  3.00000479e+02  2.99997499e+02
  3.00000392e+02]"
279,10.919105132690557,113.83985291266465,"[ 1.00002921e+02  2.06372231e-01  3.41176285e-01  9.52811596e-01
  1.00002532e+02  3.61772102e-01  4.10392947e-01  7.32813994e-01
  1.00001108e+02  3.01536857e-01  3.76078945e-01  7.49425354e-01
  1.00001346e+02  2.89860451e-01  3.63671353e-01  6.04982678e-01
  9.99975332e+01  3.47678766e-01  4.80473890e-01  2.02189598e-01
  9.99995509e+01  5.85478622e-01  6.29794205e-01 -8.28197279e-03
  5.16836587e+02  2.99997791e+02  3.00000479e+02  2.99997499e+02
  3.00000392e+02]"
280,10.919105132690557,117.93495940674605,"[ 1.00002921e+02  2.06372231e-01  3.41176285e-01  9.52811596e-01
  1.00002532e+02  3.61772102e-01  4.10392947e-01  7.32813994e-01
  1.00001108e+02  3.01536857e-01  3.76078945e-01  7.49425354e-01
  1.00001346e+02  2.89860451e-01  3.63671353e-01  6.04982678e-01
  9.99975332e+01  3.47678766e-01  4.80473890e-01  2.02189598e-01
  9.99995509e+01  5.85478622e-01  6.29794205e-01 -8.28197279e-03
  5.16836587e+02  2.99997791e+02  3.00000479e+02  2.99997499e+02
  3.00000392e+02]"
281,10.913126229275628,57.80932682517578,"[ 1.00002921e+02  2.06338115e-01  3.41165777e-01  9.52818377e-01
  1.00002534e+02  3.61832856e-01  4.10425782e-01  7.32799382e-01
  1.00001107e+02  3.01549856e-01  3.76066286e-01  7.49404070e-01
  1.00001347e+02  2.89908781e-01  3.63696079e-01  6.04987752e-01
  9.99975328e+01  3.47700874e-01  4.80476536e-01  2.02187829e-01
  9.99995509e+01  5.85471459e-01  6.29786247e-01 -8.28536882e-03
  5.16836588e+02  2.99997790e+02  3.00000479e+02  2.99997499e+02
  3.00000392e+02]"
282,10.904395642548085,62.43531106582165,"[ 1.00002920e+02  2.06255264e-01  3.41147054e-01  9.52841730e-01
  1.00002532e+02  3.61929756e-01  4.10471009e-01  7.32759336e-01
  1.00001108e+02  3.01584251e-01  3.76076168e-01  7.49340180e-01
  1.00001340e+02  2.90027119e-01  3.63660120e-01  6.04975134e-01
  9.99975380e+01  3.47701374e-01  4.80472409e-01  2.02190256e-01
  9.99995539e+01  5.85485315e-01  6.29787596e-01 -8.25927254e-03
  5.16836596e+02  2.99997795e+02  3.00000485e+02  2.99997505e+02
  3.00000391e+02]"
283,10.89421287842827,75.10066960382936,"[ 1.00002920e+02  2.06093616e-01  3.41132579e-01  9.52900914e-01
  1.00002524e+02  3.62061406e-01  4.10526316e-01  7.32677255e-01
  1.00001115e+02  3.01642895e-01  3.76134585e-01  7.49209531e-01
  1.00001319e+02  2.90249693e-01  3.63514600e-01  6.04921398e-01
  9.99975545e+01  3.47653567e-01  4.80464067e-01  2.02213080e-01
  9.99995622e+01  5.85533468e-01  6.29818139e-01 -8.16935061e-03
  5.16836622e+02  2.99997808e+02  3.00000499e+02  2.99997524e+02
  3.00000386e+02]"
284,10.863202696837519,52.77969710543217,"[ 1.00002919e+02  2.05914291e-01  3.41185518e-01  9.52964906e-01
  1.00002535e+02  3.62467804e-01  4.10737706e-01  7.32475470e-01
  1.00001097e+02  3.01750249e-01  3.76091077e-01  7.49058514e-01
  1.00001327e+02  2.90701889e-01  3.63756670e-01  6.04964130e-01
  9.99975420e+01  3.47890574e-01  4.80520168e-01  2.02131393e-01
  9.99995626e+01  5.85483667e-01  6.29692200e-01 -8.21940665e-03
  5.16836697e+02  2.99997798e+02  3.00000505e+02  2.99997514e+02
  3.00000387e+02]"
285,10.818153694513251,51.25012309559814,"[ 1.00002926e+02  2.05692282e-01  3.41422053e-01  9.53138300e-01
  1.00002575e+02  3.63053095e-01  4.11147650e-01  7.31979762e-01
  1.00001052e+02  3.02018143e-01  3.76147510e-01  7.48795097e-01
  1.00001350e+02  2.91654300e-01  3.64102574e-01  6.04923397e-01
  9.99975019e+01  3.48356919e-01  4.80638014e-01  2.01681549e-01
  9.99995532e+01  5.85267200e-01  6.29366969e-01 -8.28151610e-03
  5.16836962e+02  2.99997753e+02  3.00000524e+02  2.99997459e+02
  3.00000394e+02]"
286,10.724032068378527,69.20482525340086,"[ 1.00003008e+02  2.05834997e-01  3.42928984e-01  9.54128583e-01
  1.00002617e+02  3.63548314e-01  4.10781191e-01  7.31585812e-01
  1.00000839e+02  3.03677816e-01  3.76070823e-01  7.47859862e-01
  1.00001398e+02  2.91879659e-01  3.63397482e-01  6.04096686e-01
  9.99973065e+01  3.49553890e-01  4.81039655e-01  2.01139305e-01
  9.99995726e+01  5.85563547e-01  6.29070792e-01 -7.98740084e-03
  5.16836866e+02  2.99997684e+02  3.00000603e+02  2.99997370e+02
  3.00000384e+02]"
287,10.724032068378527,70.58521444719236,"[ 1.00003008e+02  2.05834997e-01  3.42928984e-01  9.54128583e-01
  1.00002617e+02  3.63548314e-01  4.10781191e-01  7.31585812e-01
  1.00000839e+02  3.03677816e-01  3.76070823e-01  7.47859862e-01
  1.00001398e+02  2.91879659e-01  3.63397482e-01  6.04096686e-01
  9.99973065e+01  3.49553890e-01  4.81039655e-01  2.01139305e-01
  9.99995726e+01  5.85563547e-01  6.29070792e-01 -7.98740084e-03
  5.16836866e+02  2.99997684e+02  3.00000603e+02  2.99997370e+02
  3.00000384e+02]"
288,10.723877635993949,72.4537297212143,"[ 1.00003030e+02  2.05858046e-01  3.43747397e-01  9.54570542e-01
  1.00002640e+02  3.63622396e-01  4.10646342e-01  7.31898746e-01
  1.00000730e+02  3.04331998e-01  3.75792077e-01  7.47245042e-01
  1.00001437e+02  2.91924815e-01  3.63083350e-01  6.03743756e-01
  9.99972050e+01  3.50176949e-01  4.80967362e-01  2.00852284e-01
  9.99995782e+01  5.85871485e-01  6.28870916e-01 -8.00294127e-03
  5.16836838e+02  2.99997645e+02  3.00000616e+02  2.99997322e+02
  3.00000387e+02]"
289,10.723877635993949,66.15342844740358,"[ 1.00003030e+02  2.05858046e-01  3.43747397e-01  9.54570542e-01
  1.00002640e+02  3.63622396e-01  4.10646342e-01  7.31898746e-01
  1.00000730e+02  3.04331998e-01  3.75792077e-01  7.47245042e-01
  1.00001437e+02  2.91924815e-01  3.63083350e-01  6.03743756e-01
  9.99972050e+01  3.50176949e-01  4.80967362e-01  2.00852284e-01
  9.99995782e+01  5.85871485e-01  6.28870916e-01 -8.00294127e-03
  5.16836838e+02  2.99997645e+02  3.00000616e+02  2.99997322e+02
  3.00000387e+02]"
290,10.723877635993949,68.10145577453414,"[ 1.00003030e+02  2.05858046e-01  3.43747397e-01  9.54570542e-01
  1.00002640e+02  3.63622396e-01  4.10646342e-01  7.31898746e-01
  1.00000730e+02  3.04331998e-01  3.75792077e-01  7.47245042e-01
  1.00001437e+02  2.91924815e-01  3.63083350e-01  6.03743756e-01
  9.99972050e+01  3.50176949e-01  4.80967362e-01  2.00852284e-01
  9.99995782e+01  5.85871485e-01  6.28870916e-01 -8.00294127e-03
  5.16836838e+02  2.99997645e+02  3.00000616e+02  2.99997322e+02
  3.00000387e+02]"
291,10.720898679237795,303.9932637264625,"[ 1.00003029e+02  2.05869708e-01  3.43742892e-01  9.54574838e-01
  1.00002645e+02  3.63648171e-01  4.10659606e-01  7.31901071e-01
  1.00000729e+02  3.04323950e-01  3.75758454e-01  7.47259222e-01
  1.00001445e+02  2.91919299e-01  3.63145272e-01  6.03772550e-01
  9.99972021e+01  3.50213752e-01  4.80959154e-01  2.00841671e-01
  9.99995751e+01  5.85845040e-01  6.28854759e-01 -8.03187089e-03
  5.16836830e+02  2.99997641e+02  3.00000611e+02  2.99997315e+02
  3.00000389e+02]"
292,10.718184852720007,325.9397999776502,"[ 1.00003029e+02  2.05882755e-01  3.43738650e-01  9.54578719e-01
  1.00002650e+02  3.63672868e-01  4.10672521e-01  7.31903115e-01
  1.00000728e+02  3.04315619e-01  3.75725017e-01  7.47273926e-01
  1.00001452e+02  2.91912342e-01  3.63206732e-01  6.03801155e-01
  9.99971992e+01  3.50250982e-01  4.80951315e-01  2.00830782e-01
  9.99995720e+01  5.85818410e-01  6.28838485e-01 -8.06120164e-03
  5.16836823e+02  2.99997636e+02  3.00000605e+02  2.99997309e+02
  3.00000390e+02]"
293,10.715777450747956,361.0482172044178,"[ 1.00003029e+02  2.05897664e-01  3.43734854e-01  9.54582316e-01
  1.00002655e+02  3.63696200e-01  4.10685124e-01  7.31904914e-01
  1.00000727e+02  3.04307043e-01  3.75691907e-01  7.47289257e-01
  1.00001460e+02  2.91903564e-01  3.63267731e-01  6.03829472e-01
  9.99971962e+01  3.50288782e-01  4.80943765e-01  2.00819560e-01
  9.99995688e+01  5.85791685e-01  6.28822230e-01 -8.09085442e-03
  5.16836815e+02  2.99997632e+02  3.00000600e+02  2.99997303e+02
  3.00000392e+02]"
294,10.708161794327145,86.47747412756537,"[ 1.00003028e+02  2.05851403e-01  3.43711211e-01  9.54580861e-01
  1.00002657e+02  3.63745930e-01  4.10717063e-01  7.31899489e-01
  1.00000728e+02  3.04303184e-01  3.75678273e-01  7.47276820e-01
  1.00001461e+02  2.91957349e-01  3.63298480e-01  6.03841144e-01
  9.99971967e+01  3.50289216e-01  4.80934578e-01  2.00817098e-01
  9.99995688e+01  5.85786917e-01  6.28818303e-01 -8.09239758e-03
  5.16836816e+02  2.99997632e+02  3.00000599e+02  2.99997303e+02
  3.00000392e+02]"
295,10.694621850156148,85.7365322770194,"[ 1.00003026e+02  2.05758791e-01  3.43668613e-01  9.54577666e-01
  1.00002660e+02  3.63845723e-01  4.10779392e-01  7.31886810e-01
  1.00000728e+02  3.04295038e-01  3.75653052e-01  7.47251602e-01
  1.00001463e+02  2.92065160e-01  3.63364086e-01  6.03863469e-01
  9.99971977e+01  3.50291676e-01  4.80916552e-01  2.00808265e-01
  9.99995686e+01  5.85776464e-01  6.28811501e-01 -8.09473621e-03
  5.16836816e+02  2.99997632e+02  3.00000599e+02  2.99997303e+02
  3.00000392e+02]"
296,10.67185477020287,61.6587125136717,"[ 1.00003024e+02  2.05602653e-01  3.43617204e-01  9.54599935e-01
  1.00002666e+02  3.64032633e-01  4.10881744e-01  7.31822171e-01
  1.00000728e+02  3.04351944e-01  3.75615606e-01  7.47178165e-01
  1.00001467e+02  2.92318886e-01  3.63490005e-01  6.03895154e-01
  9.99971991e+01  3.50312735e-01  4.80886799e-01  2.00791549e-01
  9.99995688e+01  5.85753413e-01  6.28790285e-01 -8.09570478e-03
  5.16836816e+02  2.99997634e+02  3.00000600e+02  2.99997305e+02
  3.00000392e+02]"
297,10.65118380844316,108.57956882015534,"[ 1.00003022e+02  2.05632418e-01  3.43584672e-01  9.54638513e-01
  1.00002702e+02  3.64285255e-01  4.11029182e-01  7.31771523e-01
  1.00000719e+02  3.04351808e-01  3.75382168e-01  7.47236038e-01
  1.00001524e+02  2.92423433e-01  3.64003867e-01  6.04118539e-01
  9.99971772e+01  3.50609755e-01  4.80833705e-01  2.00694615e-01
  9.99995472e+01  5.85552463e-01  6.28663395e-01 -8.29855297e-03
  5.16836772e+02  2.99997603e+02  3.00000563e+02  2.99997262e+02
  3.00000406e+02]"
298,10.612672638939106,53.86844123724911,"[ 1.00003034e+02  2.05091485e-01  3.43347745e-01  9.54706722e-01
  1.00002709e+02  3.64809204e-01  4.11219234e-01  7.31327034e-01
  1.00000684e+02  3.04724141e-01  3.75531028e-01  7.47179498e-01
  1.00001537e+02  2.93527330e-01  3.64392169e-01  6.04174326e-01
  9.99971416e+01  3.50739056e-01  4.80845743e-01  2.00247459e-01
  9.99995501e+01  5.85457813e-01  6.28472020e-01 -8.29082656e-03
  5.16837038e+02  2.99997570e+02  3.00000585e+02  2.99997232e+02
  3.00000410e+02]"
299,10.612672638939106,55.19932501102477,"[ 1.00003034e+02  2.05091485e-01  3.43347745e-01  9.54706722e-01
  1.00002709e+02  3.64809204e-01  4.11219234e-01  7.31327034e-01
  1.00000684e+02  3.04724141e-01  3.75531028e-01  7.47179498e-01
  1.00001537e+02  2.93527330e-01  3.64392169e-01  6.04174326e-01
  9.99971416e+01  3.50739056e-01  4.80845743e-01  2.00247459e-01
  9.99995501e+01  5.85457813e-01  6.28472020e-01 -8.29082656e-03
  5.16837038e+02  2.99997570e+02  3.00000585e+02  2.99997232e+02
  3.00000410e+02]"
300,10.606008237822941,54.90556943594161,"[ 1.00003036e+02  2.04871369e-01  3.43321987e-01  9.54732955e-01
  1.00002715e+02  3.64960862e-01  4.11275172e-01  7.31154797e-01
  1.00000641e+02  3.04860751e-01  3.75616690e-01  7.47307771e-01
  1.00001556e+02  2.94078972e-01  3.64610018e-01  6.04233355e-01
  9.99971111e+01  3.50903839e-01  4.80762967e-01  2.00027582e-01
  9.99995491e+01  5.85444668e-01  6.28226769e-01 -8.25354808e-03
  5.16837215e+02  2.99997540e+02  3.00000597e+02  2.99997198e+02
  3.00000414e+02]"
301,10.535337051725863,81.18102192728998,"[ 1.00003049e+02  2.05607391e-01  3.43623417e-01  9.55136521e-01
  1.00002723e+02  3.64880677e-01  4.11067387e-01  7.30581790e-01
  1.00000654e+02  3.05795978e-01  3.75868145e-01  7.47318947e-01
  1.00001555e+02  2.94071955e-01  3.64396549e-01  6.03982135e-01
  9.99971195e+01  3.51508659e-01  4.81012436e-01  2.00232179e-01
  9.99995485e+01  5.85325491e-01  6.28089675e-01 -8.35683186e-03
  5.16837167e+02  2.99997544e+02  3.00000601e+02  2.99997201e+02
  3.00000413e+02]"
302,10.535337051725863,55.66573389107906,"[ 1.00003049e+02  2.05607391e-01  3.43623417e-01  9.55136521e-01
  1.00002723e+02  3.64880677e-01  4.11067387e-01  7.30581790e-01
  1.00000654e+02  3.05795978e-01  3.75868145e-01  7.47318947e-01
  1.00001555e+02  2.94071955e-01  3.64396549e-01  6.03982135e-01
  9.99971195e+01  3.51508659e-01  4.81012436e-01  2.00232179e-01
  9.99995485e+01  5.85325491e-01  6.28089675e-01 -8.35683186e-03
  5.16837167e+02  2.99997544e+02  3.00000601e+02  2.99997201e+02
  3.00000413e+02]"
303,10.533831667595159,55.34760935265208,"[ 1.00003069e+02  2.05909593e-01  3.43673173e-01  9.55130726e-01
  1.00002705e+02  3.64935688e-01  4.11185301e-01  7.30418004e-01
  1.00000613e+02  3.06322228e-01  3.76069913e-01  7.47144834e-01
  1.00001539e+02  2.94199944e-01  3.64159041e-01  6.03805933e-01
  9.99970704e+01  3.51520690e-01  4.81193308e-01  2.00352194e-01
  9.99995623e+01  5.85416821e-01  6.28179124e-01 -8.34541355e-03
  5.16837010e+02  2.99997532e+02  3.00000630e+02  2.99997196e+02
  3.00000409e+02]"
304,10.533831667595159,65.62802154599765,"[ 1.00003069e+02  2.05909593e-01  3.43673173e-01  9.55130726e-01
  1.00002705e+02  3.64935688e-01  4.11185301e-01  7.30418004e-01
  1.00000613e+02  3.06322228e-01  3.76069913e-01  7.47144834e-01
  1.00001539e+02  2.94199944e-01  3.64159041e-01  6.03805933e-01
  9.99970704e+01  3.51520690e-01  4.81193308e-01  2.00352194e-01
  9.99995623e+01  5.85416821e-01  6.28179124e-01 -8.34541355e-03
  5.16837010e+02  2.99997532e+02  3.00000630e+02  2.99997196e+02
  3.00000409e+02]"
305,10.533831667595159,66.29143951514047,"[ 1.00003069e+02  2.05909593e-01  3.43673173e-01  9.55130726e-01
  1.00002705e+02  3.64935688e-01  4.11185301e-01  7.30418004e-01
  1.00000613e+02  3.06322228e-01  3.76069913e-01  7.47144834e-01
  1.00001539e+02  2.94199944e-01  3.64159041e-01  6.03805933e-01
  9.99970704e+01  3.51520690e-01  4.81193308e-01  2.00352194e-01
  9.99995623e+01  5.85416821e-01  6.28179124e-01 -8.34541355e-03
  5.16837010e+02  2.99997532e+02  3.00000630e+02  2.99997196e+02
  3.00000409e+02]"
306,10.532375486686254,225.01316681968206,"[ 1.00003069e+02  2.05914687e-01  3.43671979e-01  9.55131866e-01
  1.00002708e+02  3.64949266e-01  4.11195333e-01  7.30420337e-01
  1.00000613e+02  3.06316381e-01  3.76054462e-01  7.47153851e-01
  1.00001543e+02  2.94198077e-01  3.64186025e-01  6.03823351e-01
  9.99970699e+01  3.51539645e-01  4.81189538e-01  2.00347283e-01
  9.99995606e+01  5.85402186e-01  6.28170619e-01 -8.36017389e-03
  5.16837006e+02  2.99997530e+02  3.00000627e+02  2.99997194e+02
  3.00000411e+02]"
307,10.529311291584396,200.86792923587623,"[ 1.00003069e+02  2.05922753e-01  3.43668669e-01  9.55133706e-01
  1.00002712e+02  3.64978202e-01  4.11216510e-01  7.30424459e-01
  1.00000614e+02  3.06304614e-01  3.76023338e-01  7.47170659e-01
  1.00001550e+02  2.94195966e-01  3.64240016e-01  6.03857858e-01
  9.99970688e+01  3.51577518e-01  4.81182309e-01  2.00337669e-01
  9.99995573e+01  5.85372947e-01  6.28153973e-01 -8.38937205e-03
  5.16836997e+02  2.99997526e+02  3.00000620e+02  2.99997188e+02
  3.00000413e+02]"
308,10.516838434626237,73.58959244343474,"[ 1.00003067e+02  2.05824450e-01  3.43637696e-01  9.55137553e-01
  1.00002716e+02  3.65098157e-01  4.11281840e-01  7.30412017e-01
  1.00000614e+02  3.06298932e-01  3.75988206e-01  7.47132312e-01
  1.00001551e+02  2.94274433e-01  3.64290887e-01  6.03868536e-01
  9.99970700e+01  3.51612915e-01  4.81183053e-01  2.00336145e-01
  9.99995572e+01  5.85359263e-01  6.28139266e-01 -8.39489722e-03
  5.16836998e+02  2.99997527e+02  3.00000620e+02  2.99997189e+02
  3.00000413e+02]"
309,10.497904528419056,75.08425926093852,"[ 1.00003067e+02  2.05643237e-01  3.43601108e-01  9.55171162e-01
  1.00002732e+02  3.65327151e-01  4.11390747e-01  7.30409340e-01
  1.00000614e+02  3.06337238e-01  3.75913229e-01  7.47080441e-01
  1.00001565e+02  2.94432472e-01  3.64429002e-01  6.03893077e-01
  9.99970690e+01  3.51704027e-01  4.81158713e-01  2.00332474e-01
  9.99995527e+01  5.85290003e-01  6.28089491e-01 -8.38660372e-03
  5.16837009e+02  2.99997521e+02  3.00000613e+02  2.99997181e+02
  3.00000415e+02]"
310,10.476412133263118,62.981865309392035,"[ 1.00003060e+02  2.05390890e-01  3.43526125e-01  9.55198428e-01
  1.00002748e+02  3.65736069e-01  4.11678335e-01  7.30263156e-01
  1.00000594e+02  3.06397346e-01  3.75823353e-01  7.46974620e-01
  1.00001577e+02  2.94853043e-01  3.64712958e-01  6.03977072e-01
  9.99970617e+01  3.51883138e-01  4.81109555e-01  2.00245653e-01
  9.99995510e+01  5.85241560e-01  6.28000038e-01 -8.37051790e-03
  5.16837050e+02  2.99997514e+02  3.00000616e+02  2.99997171e+02
  3.00000417e+02]"
311,10.425751699312762,64.44112400626305,"[ 1.00003109e+02  2.05921263e-01  3.43601219e-01  9.55478553e-01
  1.00002705e+02  3.65864835e-01  4.11937031e-01  7.29268936e-01
  1.00000463e+02  3.06781418e-01  3.76159147e-01  7.46987917e-01
  1.00001547e+02  2.95433699e-01  3.64639345e-01  6.03980010e-01
  9.99969886e+01  3.52510588e-01  4.81330581e-01  2.00192499e-01
  9.99995841e+01  5.85529512e-01  6.27656657e-01 -8.32924045e-03
  5.16836958e+02  2.99997516e+02  3.00000719e+02  2.99997172e+02
  3.00000393e+02]"
312,10.320048890885378,46.67907797912604,"[ 1.00003199e+02  2.06465029e-01  3.43686194e-01  9.55393525e-01
  1.00002702e+02  3.66900479e-01  4.13056740e-01  7.28397483e-01
  9.99999349e+01  3.08171274e-01  3.76616782e-01  7.46687374e-01
  1.00001617e+02  2.96902783e-01  3.64843629e-01  6.03572402e-01
  9.99964721e+01  3.53483044e-01  4.81932360e-01  2.00267413e-01
  9.99996338e+01  5.86220556e-01  6.26988179e-01 -8.27030406e-03
  5.16836974e+02  2.99997286e+02  3.00000903e+02  2.99996920e+02
  3.00000389e+02]"
313,10.320048890885378,54.561007058482595,"[ 1.00003199e+02  2.06465029e-01  3.43686194e-01  9.55393525e-01
  1.00002702e+02  3.66900479e-01  4.13056740e-01  7.28397483e-01
  9.99999349e+01  3.08171274e-01  3.76616782e-01  7.46687374e-01
  1.00001617e+02  2.96902783e-01  3.64843629e-01  6.03572402e-01
  9.99964721e+01  3.53483044e-01  4.81932360e-01  2.00267413e-01
  9.99996338e+01  5.86220556e-01  6.26988179e-01 -8.27030406e-03
  5.16836974e+02  2.99997286e+02  3.00000903e+02  2.99996920e+02
  3.00000389e+02]"
314,10.320048890885378,53.42424009144332,"[ 1.00003199e+02  2.06465029e-01  3.43686194e-01  9.55393525e-01
  1.00002702e+02  3.66900479e-01  4.13056740e-01  7.28397483e-01
  9.99999349e+01  3.08171274e-01  3.76616782e-01  7.46687374e-01
  1.00001617e+02  2.96902783e-01  3.64843629e-01  6.03572402e-01
  9.99964721e+01  3.53483044e-01  4.81932360e-01  2.00267413e-01
  9.99996338e+01  5.86220556e-01  6.26988179e-01 -8.27030406e-03
  5.16836974e+02  2.99997286e+02  3.00000903e+02  2.99996920e+02
  3.00000389e+02]"
315,10.320048890885378,53.59634403091704,"[ 1.00003199e+02  2.06465029e-01  3.43686194e-01  9.55393525e-01
  1.00002702e+02  3.66900479e-01  4.13056740e-01  7.28397483e-01
  9.99999349e+01  3.08171274e-01  3.76616782e-01  7.46687374e-01
  1.00001617e+02  2.96902783e-01  3.64843629e-01  6.03572402e-01
  9.99964721e+01  3.53483044e-01  4.81932360e-01  2.00267413e-01
  9.99996338e+01  5.86220556e-01  6.26988179e-01 -8.27030406e-03
  5.16836974e+02  2.99997286e+02  3.00000903e+02  2.99996920e+02
  3.00000389e+02]"
316,10.315615869955648,44.84024307071141,"[ 1.00003198e+02  2.06419715e-01  3.43670549e-01  9.55402350e-01
  1.00002705e+02  3.66954703e-01  4.13084364e-01  7.28373078e-01
  9.99999360e+01  3.08193140e-01  3.76611629e-01  7.46672173e-01
  1.00001618e+02  2.96942579e-01  3.64869586e-01  6.03569019e-01
  9.99964736e+01  3.53508247e-01  4.81935541e-01  2.00268109e-01
  9.99996335e+01  5.86206555e-01  6.26977856e-01 -8.27653720e-03
  5.16836977e+02  2.99997286e+02  3.00000903e+02  2.99996921e+02
  3.00000389e+02]"
317,10.307589895107608,46.23128664825254,"[ 1.00003197e+02  2.06330264e-01  3.43640615e-01  9.55422421e-01
  1.00002710e+02  3.67056467e-01  4.13126353e-01  7.28325297e-01
  9.99999385e+01  3.08240813e-01  3.76595655e-01  7.46634866e-01
  1.00001620e+02  2.97025933e-01  3.64930898e-01  6.03568281e-01
  9.99964764e+01  3.53560567e-01  4.81943698e-01  2.00282968e-01
  9.99996331e+01  5.86179366e-01  6.26955938e-01 -8.28538577e-03
  5.16836985e+02  2.99997287e+02  3.00000903e+02  2.99996922e+02
  3.00000389e+02]"
318,10.293081462151337,42.738708195604296,"[ 1.00003196e+02  2.06183742e-01  3.43637386e-01  9.55488233e-01
  1.00002718e+02  3.67194319e-01  4.13211818e-01  7.28219432e-01
  9.99999303e+01  3.08379453e-01  3.76570696e-01  7.46575315e-01
  1.00001627e+02  2.97230448e-01  3.65051722e-01  6.03575224e-01
  9.99964724e+01  3.53692309e-01  4.81940138e-01  2.00260569e-01
  9.99996332e+01  5.86149134e-01  6.26863313e-01 -8.27047821e-03
  5.16836991e+02  2.99997284e+02  3.00000905e+02  2.99996919e+02
  3.00000390e+02]"
319,10.267278992691901,43.33744777078809,"[ 1.00003196e+02  2.06071059e-01  3.43663657e-01  9.55600121e-01
  1.00002710e+02  3.67483318e-01  4.13287680e-01  7.27860805e-01
  9.99998722e+01  3.08538374e-01  3.76625221e-01  7.46478586e-01
  1.00001618e+02  2.97678748e-01  3.65184052e-01  6.03632257e-01
  9.99964493e+01  3.53974509e-01  4.82017204e-01  2.00143987e-01
  9.99996464e+01  5.86206972e-01  6.26598683e-01 -8.22317221e-03
  5.16837012e+02  2.99997284e+02  3.00000945e+02  2.99996924e+02
  3.00000384e+02]"
320,10.237857134555082,50.663962878561485,"[ 1.00003207e+02  2.05674033e-01  3.43865421e-01  9.55904878e-01
  1.00002743e+02  3.68019803e-01  4.13481976e-01  7.27425163e-01
  9.99997004e+01  3.08754880e-01  3.76540513e-01  7.46274646e-01
  1.00001656e+02  2.98603692e-01  3.65541376e-01  6.03624849e-01
  9.99963123e+01  3.54479802e-01  4.82090591e-01  1.99953961e-01
  9.99996612e+01  5.86300454e-01  6.25970828e-01 -8.15472625e-03
  5.16837299e+02  2.99997219e+02  3.00001007e+02  2.99996855e+02
  3.00000385e+02]"
321,10.159044731802105,68.44178725728494,"[ 1.00003302e+02  2.06661433e-01  3.44309845e-01  9.57101757e-01
  1.00002817e+02  3.68399267e-01  4.13538924e-01  7.26471038e-01
  9.99995001e+01  3.10645368e-01  3.76703909e-01  7.45885571e-01
  1.00001758e+02  2.98808011e-01  3.64933993e-01  6.03157123e-01
  9.99961227e+01  3.55935244e-01  4.82488070e-01  1.99990910e-01
  9.99996545e+01  5.86148673e-01  6.25366180e-01 -7.88736845e-03
  5.16837096e+02  2.99997135e+02  3.00001065e+02  2.99996745e+02
  3.00000387e+02]"
322,10.159044731802105,55.56694382792229,"[ 1.00003302e+02  2.06661433e-01  3.44309845e-01  9.57101757e-01
  1.00002817e+02  3.68399267e-01  4.13538924e-01  7.26471038e-01
  9.99995001e+01  3.10645368e-01  3.76703909e-01  7.45885571e-01
  1.00001758e+02  2.98808011e-01  3.64933993e-01  6.03157123e-01
  9.99961227e+01  3.55935244e-01  4.82488070e-01  1.99990910e-01
  9.99996545e+01  5.86148673e-01  6.25366180e-01 -7.88736845e-03
  5.16837096e+02  2.99997135e+02  3.00001065e+02  2.99996745e+02
  3.00000387e+02]"
323,10.143034979147416,56.2980680267838,"[ 1.00003343e+02  2.07159013e-01  3.44196784e-01  9.57183759e-01
  1.00002833e+02  3.68657156e-01  4.13937595e-01  7.26325138e-01
  9.99992151e+01  3.11531225e-01  3.76907615e-01  7.45583350e-01
  1.00001799e+02  2.99556568e-01  3.64647106e-01  6.02806270e-01
  9.99958406e+01  3.56195427e-01  4.82779212e-01  1.99922763e-01
  9.99996838e+01  5.86506249e-01  6.25211936e-01 -7.91616305e-03
  5.16836924e+02  2.99997033e+02  3.00001172e+02  2.99996633e+02
  3.00000379e+02]"
324,10.143034979147416,91.17114547929042,"[ 1.00003343e+02  2.07159013e-01  3.44196784e-01  9.57183759e-01
  1.00002833e+02  3.68657156e-01  4.13937595e-01  7.26325138e-01
  9.99992151e+01  3.11531225e-01  3.76907615e-01  7.45583350e-01
  1.00001799e+02  2.99556568e-01  3.64647106e-01  6.02806270e-01
  9.99958406e+01  3.56195427e-01  4.82779212e-01  1.99922763e-01
  9.99996838e+01  5.86506249e-01  6.25211936e-01 -7.91616305e-03
  5.16836924e+02  2.99997033e+02  3.00001172e+02  2.99996633e+02
  3.00000379e+02]"
325,10.143034979147416,93.2189768896508,"[ 1.00003343e+02  2.07159013e-01  3.44196784e-01  9.57183759e-01
  1.00002833e+02  3.68657156e-01  4.13937595e-01  7.26325138e-01
  9.99992151e+01  3.11531225e-01  3.76907615e-01  7.45583350e-01
  1.00001799e+02  2.99556568e-01  3.64647106e-01  6.02806270e-01
  9.99958406e+01  3.56195427e-01  4.82779212e-01  1.99922763e-01
  9.99996838e+01  5.86506249e-01  6.25211936e-01 -7.91616305e-03
  5.16836924e+02  2.99997033e+02  3.00001172e+02  2.99996633e+02
  3.00000379e+02]"
326,10.124281003109004,102.6668316191539,"[ 1.00003341e+02  2.07048507e-01  3.44149377e-01  9.57171908e-01
  1.00002837e+02  3.68762173e-01  4.14003078e-01  7.26334858e-01
  9.99992130e+01  3.11502373e-01  3.76866195e-01  7.45547578e-01
  1.00001801e+02  2.99638595e-01  3.64689842e-01  6.02817581e-01
  9.99958391e+01  3.56198946e-01  4.82770965e-01  1.99914553e-01
  9.99996838e+01  5.86500581e-01  6.25206637e-01 -7.91537899e-03
  5.16836925e+02  2.99997032e+02  3.00001173e+02  2.99996632e+02
  3.00000379e+02]"
327,10.095407958442236,97.76867175635013,"[ 1.00003338e+02  2.06830733e-01  3.44059588e-01  9.57149934e-01
  1.00002845e+02  3.68970040e-01  4.14130393e-01  7.26349246e-01
  9.99992093e+01  3.11441087e-01  3.76780799e-01  7.45478900e-01
  1.00001804e+02  2.99810819e-01  3.64779879e-01  6.02841506e-01
  9.99958366e+01  3.56212057e-01  4.82755092e-01  1.99896878e-01
  9.99996836e+01  5.86487118e-01  6.25190404e-01 -7.91325529e-03
  5.16836932e+02  2.99997031e+02  3.00001173e+02  2.99996630e+02
  3.00000379e+02]"
328,10.066329058371831,89.77914069423161,"[ 1.00003332e+02  2.06455234e-01  3.43946060e-01  9.57133598e-01
  1.00002861e+02  3.69339871e-01  4.14365833e-01  7.26296143e-01
  9.99991947e+01  3.11319205e-01  3.76597551e-01  7.45366925e-01
  1.00001812e+02  3.00235010e-01  3.65023755e-01  6.02909225e-01
  9.99958296e+01  3.56304252e-01  4.82742781e-01  1.99832284e-01
  9.99996831e+01  5.86438942e-01  6.25098543e-01 -7.91415729e-03
  5.16837007e+02  2.99997024e+02  3.00001178e+02  2.99996623e+02
  3.00000380e+02]"
329,10.066329058371831,81.77404813167657,"[ 1.00003332e+02  2.06455234e-01  3.43946060e-01  9.57133598e-01
  1.00002861e+02  3.69339871e-01  4.14365833e-01  7.26296143e-01
  9.99991947e+01  3.11319205e-01  3.76597551e-01  7.45366925e-01
  1.00001812e+02  3.00235010e-01  3.65023755e-01  6.02909225e-01
  9.99958296e+01  3.56304252e-01  4.82742781e-01  1.99832284e-01
  9.99996831e+01  5.86438942e-01  6.25098543e-01 -7.91415729e-03
  5.16837007e+02  2.99997024e+02  3.00001178e+02  2.99996623e+02
  3.00000380e+02]"
330,10.064634824406353,81.93621849361578,"[ 1.00003329e+02  2.06268393e-01  3.43881548e-01  9.57136090e-01
  1.00002871e+02  3.69520318e-01  4.14495506e-01  7.26265732e-01
  9.99991810e+01  3.11282559e-01  3.76508903e-01  7.45313199e-01
  1.00001817e+02  3.00440130e-01  3.65148109e-01  6.02948201e-01
  9.99958231e+01  3.56358742e-01  4.82727410e-01  1.99790476e-01
  9.99996824e+01  5.86414500e-01  6.25044472e-01 -7.90534895e-03
  5.16837046e+02  2.99997019e+02  3.00001181e+02  2.99996617e+02
  3.00000381e+02]"
331,10.046284508858266,49.74897551228311,"[ 1.00003333e+02  2.06400049e-01  3.43957887e-01  9.57242528e-01
  1.00002875e+02  3.69487771e-01  4.14446447e-01  7.26056861e-01
  9.99991838e+01  3.11516262e-01  3.76559449e-01  7.45306937e-01
  1.00001822e+02  3.00549092e-01  3.65196876e-01  6.02927653e-01
  9.99958250e+01  3.56466264e-01  4.82741967e-01  1.99806357e-01
  9.99996810e+01  5.86364358e-01  6.24992186e-01 -7.92016794e-03
  5.16837044e+02  2.99997018e+02  3.00001181e+02  2.99996616e+02
  3.00000381e+02]"
332,10.020407830413436,42.263498869433946,"[ 1.00003348e+02  2.06592227e-01  3.43956456e-01  9.57424471e-01
  1.00002885e+02  3.69515257e-01  4.14448805e-01  7.25693672e-01
  9.99991769e+01  3.12076048e-01  3.76646078e-01  7.45193166e-01
  1.00001827e+02  3.00871577e-01  3.65173537e-01  6.02840947e-01
  9.99958057e+01  3.56616790e-01  4.82797655e-01  1.99867180e-01
  9.99996817e+01  5.86308254e-01  6.24980091e-01 -7.95549872e-03
  5.16837019e+02  2.99997011e+02  3.00001187e+02  2.99996609e+02
  3.00000381e+02]"
333,9.996732005768642,38.937309913098034,"[ 1.00003394e+02  2.06839239e-01  3.43609138e-01  9.57510489e-01
  1.00002886e+02  3.69500722e-01  4.14421343e-01  7.25300474e-01
  9.99990810e+01  3.13139514e-01  3.76805000e-01  7.44818999e-01
  1.00001843e+02  3.01752217e-01  3.64799939e-01  6.02769648e-01
  9.99956665e+01  3.56522407e-01  4.82903562e-01  2.00076709e-01
  9.99996867e+01  5.86391720e-01  6.24867842e-01 -8.14678954e-03
  5.16836893e+02  2.99996944e+02  3.00001204e+02  2.99996548e+02
  3.00000391e+02]"
334,9.986567483039945,59.00774125967411,"[ 1.00003470e+02  2.07044902e-01  3.42457950e-01  9.58221998e-01
  1.00002938e+02  3.69218267e-01  4.14617662e-01  7.24557315e-01
  9.99987519e+01  3.14815455e-01  3.76862244e-01  7.44448689e-01
  1.00001956e+02  3.03414434e-01  3.64273285e-01  6.03006177e-01
  9.99952945e+01  3.56081273e-01  4.82824863e-01  2.00319822e-01
  9.99996853e+01  5.86516736e-01  6.23758790e-01 -8.80276414e-03
  5.16836647e+02  2.99996730e+02  3.00001244e+02  2.99996343e+02
  3.00000435e+02]"
335,9.986567483039945,100.27378574991715,"[ 1.00003470e+02  2.07044902e-01  3.42457950e-01  9.58221998e-01
  1.00002938e+02  3.69218267e-01  4.14617662e-01  7.24557315e-01
  9.99987519e+01  3.14815455e-01  3.76862244e-01  7.44448689e-01
  1.00001956e+02  3.03414434e-01  3.64273285e-01  6.03006177e-01
  9.99952945e+01  3.56081273e-01  4.82824863e-01  2.00319822e-01
  9.99996853e+01  5.86516736e-01  6.23758790e-01 -8.80276414e-03
  5.16836647e+02  2.99996730e+02  3.00001244e+02  2.99996343e+02
  3.00000435e+02]"
336,9.936737688267351,145.66574084005418,"[ 1.00003463e+02  2.06860003e-01  3.42459559e-01  9.58154935e-01
  1.00002947e+02  3.69724955e-01  4.14933590e-01  7.24574033e-01
  9.99987581e+01  3.14558461e-01  3.76702270e-01  7.44358608e-01
  1.00001956e+02  3.03377495e-01  3.64459050e-01  6.03027744e-01
  9.99953069e+01  3.56432121e-01  4.82971468e-01  2.00378843e-01
  9.99996851e+01  5.86462136e-01  6.23756658e-01 -8.83011304e-03
  5.16836629e+02  2.99996738e+02  3.00001243e+02  2.99996347e+02
  3.00000432e+02]"
337,9.905341684046688,142.20220992729824,"[ 1.00003450e+02  2.06721833e-01  3.42760914e-01  9.57947457e-01
  1.00002964e+02  3.70602640e-01  4.15577793e-01  7.24482606e-01
  9.99987811e+01  3.14058329e-01  3.76460170e-01  7.44332925e-01
  1.00001952e+02  3.03295153e-01  3.65076419e-01  6.03083066e-01
  9.99953448e+01  3.57163881e-01  4.83294837e-01  2.00482060e-01
  9.99996823e+01  5.86276418e-01  6.23786548e-01 -8.85140760e-03
  5.16836613e+02  2.99996751e+02  3.00001240e+02  2.99996354e+02
  3.00000427e+02]"
338,9.905341684046688,129.1633333956106,"[ 1.00003450e+02  2.06721833e-01  3.42760914e-01  9.57947457e-01
  1.00002964e+02  3.70602640e-01  4.15577793e-01  7.24482606e-01
  9.99987811e+01  3.14058329e-01  3.76460170e-01  7.44332925e-01
  1.00001952e+02  3.03295153e-01  3.65076419e-01  6.03083066e-01
  9.99953448e+01  3.57163881e-01  4.83294837e-01  2.00482060e-01
  9.99996823e+01  5.86276418e-01  6.23786548e-01 -8.85140760e-03
  5.16836613e+02  2.99996751e+02  3.00001240e+02  2.99996354e+02
  3.00000427e+02]"
339,9.905341684046688,129.064754057266,"[ 1.00003450e+02  2.06721833e-01  3.42760914e-01  9.57947457e-01
  1.00002964e+02  3.70602640e-01  4.15577793e-01  7.24482606e-01
  9.99987811e+01  3.14058329e-01  3.76460170e-01  7.44332925e-01
  1.00001952e+02  3.03295153e-01  3.65076419e-01  6.03083066e-01
  9.99953448e+01  3.57163881e-01  4.83294837e-01  2.00482060e-01
  9.99996823e+01  5.86276418e-01  6.23786548e-01 -8.85140760e-03
  5.16836613e+02  2.99996751e+02  3.00001240e+02  2.99996354e+02
  3.00000427e+02]"
340,9.905341684046688,130.27048211912907,"[ 1.00003450e+02  2.06721833e-01  3.42760914e-01  9.57947457e-01
  1.00002964e+02  3.70602640e-01  4.15577793e-01  7.24482606e-01
  9.99987811e+01  3.14058329e-01  3.76460170e-01  7.44332925e-01
  1.00001952e+02  3.03295153e-01  3.65076419e-01  6.03083066e-01
  9.99953448e+01  3.57163881e-01  4.83294837e-01  2.00482060e-01
  9.99996823e+01  5.86276418e-01  6.23786548e-01 -8.85140760e-03
  5.16836613e+02  2.99996751e+02  3.00001240e+02  2.99996354e+02
  3.00000427e+02]"
341,9.902580447420306,57.21723309706173,"[ 1.00003451e+02  2.06748798e-01  3.42773342e-01  9.57961417e-01
  1.00002964e+02  3.70591667e-01  4.15565928e-01  7.24458470e-01
  9.99987816e+01  3.14078805e-01  3.76465152e-01  7.44331134e-01
  1.00001952e+02  3.03300649e-01  3.65077352e-01  6.03080561e-01
  9.99953452e+01  3.57177513e-01  4.83298383e-01  2.00487974e-01
  9.99996823e+01  5.86272539e-01  6.23783575e-01 -8.85446893e-03
  5.16836613e+02  2.99996751e+02  3.00001240e+02  2.99996354e+02
  3.00000427e+02]"
342,9.900641039176366,180.3576638551686,"[ 1.00003451e+02  2.06769255e-01  3.42778707e-01  9.57975961e-01
  1.00002969e+02  3.70580945e-01  4.15596555e-01  7.24435509e-01
  9.99987856e+01  3.14079578e-01  3.76441117e-01  7.44366770e-01
  1.00001958e+02  3.03291406e-01  3.65128348e-01  6.03085409e-01
  9.99953452e+01  3.57206542e-01  4.83287693e-01  2.00485418e-01
  9.99996793e+01  5.86245131e-01  6.23760974e-01 -8.89253090e-03
  5.16836607e+02  2.99996748e+02  3.00001234e+02  2.99996348e+02
  3.00000429e+02]"
343,9.891016144474483,56.54019960272855,"[ 1.00003454e+02  2.06871983e-01  3.42836274e-01  9.58029076e-01
  1.00002970e+02  3.70552384e-01  4.15558639e-01  7.24336925e-01
  9.99987879e+01  3.14165071e-01  3.76461014e-01  7.44353382e-01
  1.00001958e+02  3.03314355e-01  3.65133506e-01  6.03073437e-01
  9.99953471e+01  3.57269730e-01  4.83304560e-01  2.00506897e-01
  9.99996790e+01  5.86227151e-01  6.23745083e-01 -8.90555726e-03
  5.16836611e+02  2.99996748e+02  3.00001234e+02  2.99996348e+02
  3.00000429e+02]"
344,9.8782117738587,58.442100764142616,"[ 1.00003458e+02  2.07057716e-01  3.42920107e-01  9.58145700e-01
  1.00002971e+02  3.70523284e-01  4.15483247e-01  7.24200141e-01
  9.99987865e+01  3.14399360e-01  3.76494069e-01  7.44250186e-01
  1.00001957e+02  3.03403358e-01  3.65088209e-01  6.03033627e-01
  9.99953467e+01  3.57375690e-01  4.83333210e-01  2.00516176e-01
  9.99996804e+01  5.86218670e-01  6.23753763e-01 -8.91302980e-03
  5.16836619e+02  2.99996751e+02  3.00001236e+02  2.99996353e+02
  3.00000428e+02]"
345,9.859946448003248,50.10053893264434,"[ 1.00003478e+02  2.07338765e-01  3.42977582e-01  9.58338994e-01
  1.00003004e+02  3.70537158e-01  4.15642347e-01  7.23843370e-01
  9.99987936e+01  3.14786589e-01  3.76419065e-01  7.44319807e-01
  1.00001997e+02  3.03479349e-01  3.65248036e-01  6.02956966e-01
  9.99953234e+01  3.57678694e-01  4.83357245e-01  2.00602603e-01
  9.99996649e+01  5.86050859e-01  6.23648353e-01 -9.13314202e-03
  5.16836480e+02  2.99996725e+02  3.00001207e+02  2.99996314e+02
  3.00000438e+02]"
346,9.824828558141471,60.151834592778684,"[ 1.00003470e+02  2.07135415e-01  3.42911277e-01  9.58523962e-01
  1.00003077e+02  3.71059127e-01  4.16315100e-01  7.23395084e-01
  9.99988267e+01  3.14721974e-01  3.75999176e-01  7.44535119e-01
  1.00002066e+02  3.03740092e-01  3.66033648e-01  6.03059478e-01
  9.99953302e+01  3.58242595e-01  4.83271228e-01  2.00606742e-01
  9.99996332e+01  5.85659195e-01  6.23292123e-01 -9.55628869e-03
  5.16836446e+02  2.99996684e+02  3.00001144e+02  2.99996253e+02
  3.00000457e+02]"
347,9.824828558141471,43.646261357863345,"[ 1.00003470e+02  2.07135415e-01  3.42911277e-01  9.58523962e-01
  1.00003077e+02  3.71059127e-01  4.16315100e-01  7.23395084e-01
  9.99988267e+01  3.14721974e-01  3.75999176e-01  7.44535119e-01
  1.00002066e+02  3.03740092e-01  3.66033648e-01  6.03059478e-01
  9.99953302e+01  3.58242595e-01  4.83271228e-01  2.00606742e-01
  9.99996332e+01  5.85659195e-01  6.23292123e-01 -9.55628869e-03
  5.16836446e+02  2.99996684e+02  3.00001144e+02  2.99996253e+02
  3.00000457e+02]"
348,9.819205844483372,44.28138011090319,"[ 1.00003477e+02  2.06937024e-01  3.43187758e-01  9.58438942e-01
  1.00003094e+02  3.71419382e-01  4.16491227e-01  7.23166140e-01
  9.99988355e+01  3.14664353e-01  3.75837814e-01  7.44443272e-01
  1.00002058e+02  3.03948979e-01  3.66336037e-01  6.02957974e-01
  9.99953323e+01  3.58540324e-01  4.83452644e-01  2.00696013e-01
  9.99996317e+01  5.85538032e-01  6.23206190e-01 -9.64417993e-03
  5.16836513e+02  2.99996671e+02  3.00001145e+02  2.99996239e+02
  3.00000460e+02]"
349,9.819205844483372,51.48567985540361,"[ 1.00003477e+02  2.06937024e-01  3.43187758e-01  9.58438942e-01
  1.00003094e+02  3.71419382e-01  4.16491227e-01  7.23166140e-01
  9.99988355e+01  3.14664353e-01  3.75837814e-01  7.44443272e-01
  1.00002058e+02  3.03948979e-01  3.66336037e-01  6.02957974e-01
  9.99953323e+01  3.58540324e-01  4.83452644e-01  2.00696013e-01
  9.99996317e+01  5.85538032e-01  6.23206190e-01 -9.64417993e-03
  5.16836513e+02  2.99996671e+02  3.00001145e+02  2.99996239e+02
  3.00000460e+02]"
350,9.819205844483372,52.53454301397701,"[ 1.00003477e+02  2.06937024e-01  3.43187758e-01  9.58438942e-01
  1.00003094e+02  3.71419382e-01  4.16491227e-01  7.23166140e-01
  9.99988355e+01  3.14664353e-01  3.75837814e-01  7.44443272e-01
  1.00002058e+02  3.03948979e-01  3.66336037e-01  6.02957974e-01
  9.99953323e+01  3.58540324e-01  4.83452644e-01  2.00696013e-01
  9.99996317e+01  5.85538032e-01  6.23206190e-01 -9.64417993e-03
  5.16836513e+02  2.99996671e+02  3.00001145e+02  2.99996239e+02
  3.00000460e+02]"
351,9.814234037241647,82.33028500500815,"[ 1.00003478e+02  2.06960338e-01  3.43203316e-01  9.58451006e-01
  1.00003092e+02  3.71391803e-01  4.16449102e-01  7.23134723e-01
  9.99988352e+01  3.14724991e-01  3.75872536e-01  7.44433050e-01
  1.00002056e+02  3.03955811e-01  3.66314972e-01  6.02946010e-01
  9.99953333e+01  3.58538536e-01  4.83459026e-01  2.00709521e-01
  9.99996331e+01  5.85544566e-01  6.23211687e-01 -9.62758867e-03
  5.16836514e+02  2.99996673e+02  3.00001148e+02  2.99996242e+02
  3.00000459e+02]"
352,9.810195027672487,215.2873167976245,"[ 1.00003478e+02  2.06957478e-01  3.43221617e-01  9.58448071e-01
  1.00003084e+02  3.71379006e-01  4.16363003e-01  7.23119586e-01
  9.99988291e+01  3.14798226e-01  3.75946772e-01  7.44376864e-01
  1.00002043e+02  3.03986394e-01  3.66230299e-01  6.02911356e-01
  9.99953344e+01  3.58506972e-01  4.83489753e-01  2.00723887e-01
  9.99996392e+01  5.85587486e-01  6.23249611e-01 -9.55789463e-03
  5.16836531e+02  2.99996681e+02  3.00001161e+02  2.99996254e+02
  3.00000455e+02]"
353,9.805473765040611,138.6978432382412,"[ 1.00003479e+02  2.06970179e-01  3.43238583e-01  9.58454414e-01
  1.00003077e+02  3.71354585e-01  4.16273844e-01  7.23093361e-01
  9.99988249e+01  3.14888477e-01  3.76023885e-01  7.44325434e-01
  1.00002031e+02  3.04011691e-01  3.66150764e-01  6.02878130e-01
  9.99953361e+01  3.58484979e-01  4.83517672e-01  2.00740393e-01
  9.99996447e+01  5.85624824e-01  6.23282981e-01 -9.49982405e-03
  5.16836547e+02  2.99996689e+02  3.00001173e+02  2.99996265e+02
  3.00000451e+02]"
354,9.79296881277991,61.58558559316888,"[ 1.00003482e+02  2.07141700e-01  3.43252405e-01  9.58563498e-01
  1.00003080e+02  3.71244463e-01  4.16199899e-01  7.22924054e-01
  9.99988362e+01  3.15142388e-01  3.76103764e-01  7.44345705e-01
  1.00002034e+02  3.04030101e-01  3.66121161e-01  6.02839411e-01
  9.99953405e+01  3.58546503e-01  4.83505657e-01  2.00772441e-01
  9.99996427e+01  5.85591460e-01  6.23251533e-01 -9.54364175e-03
  5.16836537e+02  2.99996689e+02  3.00001168e+02  2.99996265e+02
  3.00000453e+02]"
355,9.785051901296042,54.8076578095189,"[ 1.00003492e+02  2.07310021e-01  3.43357512e-01  9.58775111e-01
  1.00003087e+02  3.71123937e-01  4.15976614e-01  7.22603861e-01
  9.99988265e+01  3.15710721e-01  3.76216147e-01  7.44240427e-01
  1.00002042e+02  3.04132737e-01  3.66000530e-01  6.02723732e-01
  9.99953282e+01  3.58705646e-01  4.83536483e-01  2.00846245e-01
  9.99996418e+01  5.85547793e-01  6.23154862e-01 -9.55976444e-03
  5.16836473e+02  2.99996682e+02  3.00001171e+02  2.99996258e+02
  3.00000454e+02]"
356,9.74697318817157,59.15340120355011,"[ 1.00003480e+02  2.06899699e-01  3.43224821e-01  9.58962507e-01
  1.00003147e+02  3.71796732e-01  4.16635897e-01  7.22187936e-01
  9.99988440e+01  3.15640228e-01  3.75815395e-01  7.44239567e-01
  1.00002101e+02  3.04608793e-01  3.66719998e-01  6.02948517e-01
  9.99953307e+01  3.59146262e-01  4.83412613e-01  2.00807047e-01
  9.99996178e+01  5.85245638e-01  6.22839591e-01 -9.83917092e-03
  5.16836435e+02  2.99996652e+02  3.00001121e+02  2.99996215e+02
  3.00000470e+02]"
357,9.74697318817157,46.97826493664473,"[ 1.00003480e+02  2.06899699e-01  3.43224821e-01  9.58962507e-01
  1.00003147e+02  3.71796732e-01  4.16635897e-01  7.22187936e-01
  9.99988440e+01  3.15640228e-01  3.75815395e-01  7.44239567e-01
  1.00002101e+02  3.04608793e-01  3.66719998e-01  6.02948517e-01
  9.99953307e+01  3.59146262e-01  4.83412613e-01  2.00807047e-01
  9.99996178e+01  5.85245638e-01  6.22839591e-01 -9.83917092e-03
  5.16836435e+02  2.99996652e+02  3.00001121e+02  2.99996215e+02
  3.00000470e+02]"
358,9.74697318817157,46.461003522711295,"[ 1.00003480e+02  2.06899699e-01  3.43224821e-01  9.58962507e-01
  1.00003147e+02  3.71796732e-01  4.16635897e-01  7.22187936e-01
  9.99988440e+01  3.15640228e-01  3.75815395e-01  7.44239567e-01
  1.00002101e+02  3.04608793e-01  3.66719998e-01  6.02948517e-01
  9.99953307e+01  3.59146262e-01  4.83412613e-01  2.00807047e-01
  9.99996178e+01  5.85245638e-01  6.22839591e-01 -9.83917092e-03
  5.16836435e+02  2.99996652e+02  3.00001121e+02  2.99996215e+02
  3.00000470e+02]"
359,9.746846981660806,46.70012822425713,"[ 1.00003479e+02  2.06806845e-01  3.43249036e-01  9.58945830e-01
  1.00003151e+02  3.71897548e-01  4.16694080e-01  7.22136455e-01
  9.99988433e+01  3.15647500e-01  3.75789883e-01  7.44206538e-01
  1.00002100e+02  3.04675595e-01  3.66798119e-01  6.02941862e-01
  9.99953308e+01  3.59194807e-01  4.83436267e-01  2.00809855e-01
  9.99996177e+01  5.85219050e-01  6.22817218e-01 -9.85191262e-03
  5.16836454e+02  2.99996649e+02  3.00001122e+02  2.99996213e+02
  3.00000471e+02]"
360,9.737541687771083,57.55030959412675,"[ 1.00003484e+02  2.06904393e-01  3.43281254e-01  9.58980143e-01
  1.00003151e+02  3.71839526e-01  4.16645598e-01  7.22053191e-01
  9.99988373e+01  3.15758472e-01  3.75834112e-01  7.44208322e-01
  1.00002101e+02  3.04708220e-01  3.66771309e-01  6.02918503e-01
  9.99953227e+01  3.59219740e-01  4.83449676e-01  2.00826363e-01
  9.99996182e+01  5.85219524e-01  6.22798776e-01 -9.86585146e-03
  5.16836455e+02  2.99996645e+02  3.00001124e+02  2.99996208e+02
  3.00000472e+02]"
361,9.728882657126828,91.34112410557361,"[ 1.00003485e+02  2.06865031e-01  3.43327464e-01  9.58958927e-01
  1.00003139e+02  3.71824744e-01  4.16491961e-01  7.21969956e-01
  9.99988196e+01  3.15978964e-01  3.75983994e-01  7.44108033e-01
  1.00002077e+02  3.04768474e-01  3.66666138e-01  6.02819016e-01
  9.99953202e+01  3.59173266e-01  4.83519621e-01  2.00867840e-01
  9.99996302e+01  5.85283768e-01  6.22843532e-01 -9.75620963e-03
  5.16836486e+02  2.99996656e+02  3.00001154e+02  2.99996227e+02
  3.00000464e+02]"
362,9.719230604029327,77.89483569469502,"[ 1.00003487e+02  2.07098532e-01  3.43328939e-01  9.59185356e-01
  1.00003176e+02  3.71824776e-01  4.16770454e-01  7.21757503e-01
  9.99988731e+01  3.15988882e-01  3.75808767e-01  7.44303112e-01
  1.00002134e+02  3.04741583e-01  3.66942450e-01  6.02978930e-01
  9.99953328e+01  3.59466243e-01  4.83385158e-01  2.00847005e-01
  9.99996006e+01  5.85049293e-01  6.22709726e-01 -1.00393764e-02
  5.16836383e+02  2.99996632e+02  3.00001083e+02  2.99996187e+02
  3.00000482e+02]"
363,9.684201674590405,36.2070552787544,"[ 1.00003530e+02  2.07421547e-01  3.43019653e-01  9.59426950e-01
  1.00003162e+02  3.71973292e-01  4.16831623e-01  7.21142792e-01
  9.99987376e+01  3.17089290e-01  3.76123663e-01  7.43906391e-01
  1.00002127e+02  3.05220370e-01  3.66603740e-01  6.02812117e-01
  9.99951975e+01  3.59550839e-01  4.83562990e-01  2.01062225e-01
  9.99996199e+01  5.85164789e-01  6.22474618e-01 -1.01911699e-02
  5.16836286e+02  2.99996559e+02  3.00001127e+02  2.99996136e+02
  3.00000496e+02]"
364,9.684201674590405,39.58578155946149,"[ 1.00003530e+02  2.07421547e-01  3.43019653e-01  9.59426950e-01
  1.00003162e+02  3.71973292e-01  4.16831623e-01  7.21142792e-01
  9.99987376e+01  3.17089290e-01  3.76123663e-01  7.43906391e-01
  1.00002127e+02  3.05220370e-01  3.66603740e-01  6.02812117e-01
  9.99951975e+01  3.59550839e-01  4.83562990e-01  2.01062225e-01
  9.99996199e+01  5.85164789e-01  6.22474618e-01 -1.01911699e-02
  5.16836286e+02  2.99996559e+02  3.00001127e+02  2.99996136e+02
  3.00000496e+02]"
365,9.677182095778303,39.2829875835452,"[ 1.00003548e+02  2.07585825e-01  3.42787315e-01  9.59540179e-01
  1.00003159e+02  3.71995767e-01  4.16808978e-01  7.20902752e-01
  9.99986659e+01  3.17564685e-01  3.76238860e-01  7.43678250e-01
  1.00002128e+02  3.05570690e-01  3.66351982e-01  6.02761751e-01
  9.99951227e+01  3.59516958e-01  4.83611730e-01  2.01170915e-01
  9.99996275e+01  5.85238680e-01  6.22382262e-01 -1.02442515e-02
  5.16836210e+02  2.99996521e+02  3.00001147e+02  2.99996107e+02
  3.00000502e+02]"
366,9.63788882061221,59.46970049797062,"[ 1.00003530e+02  2.07144203e-01  3.42794529e-01  9.59756942e-01
  1.00003208e+02  3.72715010e-01  4.17387570e-01  7.20583473e-01
  9.99986953e+01  3.17327686e-01  3.75809784e-01  7.43582151e-01
  1.00002179e+02  3.06080940e-01  3.67061131e-01  6.03024316e-01
  9.99951464e+01  3.60031795e-01  4.83521193e-01  2.01048703e-01
  9.99996061e+01  5.84953094e-01  6.22155103e-01 -1.04072296e-02
  5.16836212e+02  2.99996506e+02  3.00001096e+02  2.99996081e+02
  3.00000516e+02]"
367,9.63788882061221,54.67044484726653,"[ 1.00003530e+02  2.07144203e-01  3.42794529e-01  9.59756942e-01
  1.00003208e+02  3.72715010e-01  4.17387570e-01  7.20583473e-01
  9.99986953e+01  3.17327686e-01  3.75809784e-01  7.43582151e-01
  1.00002179e+02  3.06080940e-01  3.67061131e-01  6.03024316e-01
  9.99951464e+01  3.60031795e-01  4.83521193e-01  2.01048703e-01
  9.99996061e+01  5.84953094e-01  6.22155103e-01 -1.04072296e-02
  5.16836212e+02  2.99996506e+02  3.00001096e+02  2.99996081e+02
  3.00000516e+02]"
368,9.63788882061221,54.05545013574696,"[ 1.00003530e+02  2.07144203e-01  3.42794529e-01  9.59756942e-01
  1.00003208e+02  3.72715010e-01  4.17387570e-01  7.20583473e-01
  9.99986953e+01  3.17327686e-01  3.75809784e-01  7.43582151e-01
  1.00002179e+02  3.06080940e-01  3.67061131e-01  6.03024316e-01
  9.99951464e+01  3.60031795e-01  4.83521193e-01  2.01048703e-01
  9.99996061e+01  5.84953094e-01  6.22155103e-01 -1.04072296e-02
  5.16836212e+02  2.99996506e+02  3.00001096e+02  2.99996081e+02
  3.00000516e+02]"
369,9.63788882061221,54.49196468566205,"[ 1.00003530e+02  2.07144203e-01  3.42794529e-01  9.59756942e-01
  1.00003208e+02  3.72715010e-01  4.17387570e-01  7.20583473e-01
  9.99986953e+01  3.17327686e-01  3.75809784e-01  7.43582151e-01
  1.00002179e+02  3.06080940e-01  3.67061131e-01  6.03024316e-01
  9.99951464e+01  3.60031795e-01  4.83521193e-01  2.01048703e-01
  9.99996061e+01  5.84953094e-01  6.22155103e-01 -1.04072296e-02
  5.16836212e+02  2.99996506e+02  3.00001096e+02  2.99996081e+02
  3.00000516e+02]"
370,9.63788882061221,53.97007191338449,"[ 1.00003530e+02  2.07144203e-01  3.42794529e-01  9.59756942e-01
  1.00003208e+02  3.72715010e-01  4.17387570e-01  7.20583473e-01
  9.99986953e+01  3.17327686e-01  3.75809784e-01  7.43582151e-01
  1.00002179e+02  3.06080940e-01  3.67061131e-01  6.03024316e-01
  9.99951464e+01  3.60031795e-01  4.83521193e-01  2.01048703e-01
  9.99996061e+01  5.84953094e-01  6.22155103e-01 -1.04072296e-02
  5.16836212e+02  2.99996506e+02  3.00001096e+02  2.99996081e+02
  3.00000516e+02]"
371,9.637311665001498,45.226828475327224,"[ 1.00003530e+02  2.07147646e-01  3.42796964e-01  9.59759780e-01
  1.00003208e+02  3.72713462e-01  4.17385466e-01  7.20577266e-01
  9.99986955e+01  3.17335864e-01  3.75812239e-01  7.43581926e-01
  1.00002179e+02  3.06081488e-01  3.67061405e-01  6.03022833e-01
  9.99951465e+01  3.60035537e-01  4.83522279e-01  2.01050025e-01
  9.99996060e+01  5.84951779e-01  6.22153951e-01 -1.04077355e-02
  5.16836212e+02  2.99996506e+02  3.00001096e+02  2.99996081e+02
  3.00000516e+02]"
372,9.636340407322031,46.295582530772606,"[ 1.00003530e+02  2.07159824e-01  3.42801879e-01  9.59767591e-01
  1.00003208e+02  3.72708715e-01  4.17385486e-01  7.20567162e-01
  9.99986969e+01  3.17347399e-01  3.75813204e-01  7.43584885e-01
  1.00002180e+02  3.06081679e-01  3.67066529e-01  6.03022747e-01
  9.99951472e+01  3.60044662e-01  4.83521772e-01  2.01048719e-01
  9.99996056e+01  5.84946308e-01  6.22152259e-01 -1.04118136e-02
  5.16836211e+02  2.99996506e+02  3.00001095e+02  2.99996081e+02
  3.00000516e+02]"
373,9.634158421530591,45.06667214704049,"[ 1.00003531e+02  2.07171644e-01  3.42811576e-01  9.59777524e-01
  1.00003209e+02  3.72703744e-01  4.17376198e-01  7.20542195e-01
  9.99986971e+01  3.17381041e-01  3.75824834e-01  7.43582521e-01
  1.00002180e+02  3.06082955e-01  3.67065608e-01  6.03015759e-01
  9.99951475e+01  3.60057899e-01  4.83526767e-01  2.01055335e-01
  9.99996057e+01  5.84942309e-01  6.22147691e-01 -1.04120350e-02
  5.16836211e+02  2.99996506e+02  3.00001096e+02  2.99996081e+02
  3.00000516e+02]"
374,9.631919323878211,109.5471718724534,"[ 1.00003531e+02  2.07148602e-01  3.42818255e-01  9.59769418e-01
  1.00003206e+02  3.72709269e-01  4.17343081e-01  7.20512290e-01
  9.99986908e+01  3.17433528e-01  3.75858692e-01  7.43557568e-01
  1.00002174e+02  3.06085512e-01  3.67035892e-01  6.02992210e-01
  9.99951453e+01  3.60050708e-01  4.83545230e-01  2.01083140e-01
  9.99996086e+01  5.84958197e-01  6.22144003e-01 -1.03915053e-02
  5.16836218e+02  2.99996508e+02  3.00001103e+02  2.99996084e+02
  3.00000514e+02]"
375,9.628173326384742,63.1521893349379,"[ 1.00003532e+02  2.07254946e-01  3.42849994e-01  9.59836112e-01
  1.00003213e+02  3.72677294e-01  4.17375823e-01  7.20464290e-01
  9.99987066e+01  3.17461679e-01  3.75831749e-01  7.43604022e-01
  1.00002185e+02  3.06087148e-01  3.67097722e-01  6.03018954e-01
  9.99951520e+01  3.60125314e-01  4.83523168e-01  2.01055093e-01
  9.99996022e+01  5.84902528e-01  6.22134429e-01 -1.04395895e-02
  5.16836203e+02  2.99996505e+02  3.00001087e+02  2.99996078e+02
  3.00000518e+02]"
376,9.615651691345072,34.81718573377279,"[ 1.00003532e+02  2.07347079e-01  3.42871024e-01  9.59967772e-01
  1.00003228e+02  3.72717477e-01  4.17453901e-01  7.20284502e-01
  9.99987234e+01  3.17671413e-01  3.75829915e-01  7.43617327e-01
  1.00002200e+02  3.06139167e-01  3.67194185e-01  6.03020469e-01
  9.99951587e+01  3.60305000e-01  4.83511950e-01  2.01041921e-01
  9.99995952e+01  5.84813219e-01  6.22095042e-01 -1.05109679e-02
  5.16836190e+02  2.99996501e+02  3.00001071e+02  2.99996071e+02
  3.00000522e+02]"
377,9.591458046640792,31.490740414882108,"[ 1.00003545e+02  2.07421676e-01  3.42855761e-01  9.60062764e-01
  1.00003222e+02  3.72921361e-01  4.17526460e-01  7.19882602e-01
  9.99986703e+01  3.18150655e-01  3.75968416e-01  7.43419430e-01
  1.00002191e+02  3.06329842e-01  3.67198917e-01  6.02926939e-01
  9.99951106e+01  3.60461945e-01  4.83722632e-01  2.01132332e-01
  9.99996052e+01  5.84764123e-01  6.21931336e-01 -1.06280224e-02
  5.16836180e+02  2.99996469e+02  3.00001096e+02  2.99996052e+02
  3.00000528e+02]"
378,9.55159544467878,37.590498339799964,"[ 1.00003572e+02  2.07535573e-01  3.42618199e-01  9.60600896e-01
  1.00003250e+02  3.73159241e-01  4.17826124e-01  7.19099487e-01
  9.99984014e+01  3.18976858e-01  3.75981272e-01  7.42905021e-01
  1.00002229e+02  3.06731732e-01  3.67138557e-01  6.03009121e-01
  9.99949251e+01  3.60504237e-01  4.83922633e-01  2.01180986e-01
  9.99996109e+01  5.84531128e-01  6.21432484e-01 -1.06758314e-02
  5.16836084e+02  2.99996340e+02  3.00001157e+02  2.99995964e+02
  3.00000568e+02]"
379,9.524342343980253,31.716513522066116,"[ 1.00003677e+02  2.07683176e-01  3.41854804e-01  9.60917612e-01
  1.00003263e+02  3.72977094e-01  4.17331734e-01  7.18875763e-01
  9.99979485e+01  3.20245634e-01  3.75971699e-01  7.42110323e-01
  1.00002295e+02  3.08690843e-01  3.66390726e-01  6.02678175e-01
  9.99944535e+01  3.60502461e-01  4.83900815e-01  2.01826011e-01
  9.99996400e+01  5.85225274e-01  6.20228378e-01 -1.10839429e-02
  5.16836348e+02  2.99996079e+02  3.00001238e+02  2.99995718e+02
  3.00000612e+02]"
380,9.524342343980253,50.382494135414376,"[ 1.00003677e+02  2.07683176e-01  3.41854804e-01  9.60917612e-01
  1.00003263e+02  3.72977094e-01  4.17331734e-01  7.18875763e-01
  9.99979485e+01  3.20245634e-01  3.75971699e-01  7.42110323e-01
  1.00002295e+02  3.08690843e-01  3.66390726e-01  6.02678175e-01
  9.99944535e+01  3.60502461e-01  4.83900815e-01  2.01826011e-01
  9.99996400e+01  5.85225274e-01  6.20228378e-01 -1.10839429e-02
  5.16836348e+02  2.99996079e+02  3.00001238e+02  2.99995718e+02
  3.00000612e+02]"
381,9.524342343980253,51.7112038648369,"[ 1.00003677e+02  2.07683176e-01  3.41854804e-01  9.60917612e-01
  1.00003263e+02  3.72977094e-01  4.17331734e-01  7.18875763e-01
  9.99979485e+01  3.20245634e-01  3.75971699e-01  7.42110323e-01
  1.00002295e+02  3.08690843e-01  3.66390726e-01  6.02678175e-01
  9.99944535e+01  3.60502461e-01  4.83900815e-01  2.01826011e-01
  9.99996400e+01  5.85225274e-01  6.20228378e-01 -1.10839429e-02
  5.16836348e+02  2.99996079e+02  3.00001238e+02  2.99995718e+02
  3.00000612e+02]"
382,9.524342343980253,50.34801154043052,"[ 1.00003677e+02  2.07683176e-01  3.41854804e-01  9.60917612e-01
  1.00003263e+02  3.72977094e-01  4.17331734e-01  7.18875763e-01
  9.99979485e+01  3.20245634e-01  3.75971699e-01  7.42110323e-01
  1.00002295e+02  3.08690843e-01  3.66390726e-01  6.02678175e-01
  9.99944535e+01  3.60502461e-01  4.83900815e-01  2.01826011e-01
  9.99996400e+01  5.85225274e-01  6.20228378e-01 -1.10839429e-02
  5.16836348e+02  2.99996079e+02  3.00001238e+02  2.99995718e+02
  3.00000612e+02]"
383,9.524342343980253,48.73628993326249,"[ 1.00003677e+02  2.07683176e-01  3.41854804e-01  9.60917612e-01
  1.00003263e+02  3.72977094e-01  4.17331734e-01  7.18875763e-01
  9.99979485e+01  3.20245634e-01  3.75971699e-01  7.42110323e-01
  1.00002295e+02  3.08690843e-01  3.66390726e-01  6.02678175e-01
  9.99944535e+01  3.60502461e-01  4.83900815e-01  2.01826011e-01
  9.99996400e+01  5.85225274e-01  6.20228378e-01 -1.10839429e-02
  5.16836348e+02  2.99996079e+02  3.00001238e+02  2.99995718e+02
  3.00000612e+02]"
384,9.524342343980253,52.903545412497614,"[ 1.00003677e+02  2.07683176e-01  3.41854804e-01  9.60917612e-01
  1.00003263e+02  3.72977094e-01  4.17331734e-01  7.18875763e-01
  9.99979485e+01  3.20245634e-01  3.75971699e-01  7.42110323e-01
  1.00002295e+02  3.08690843e-01  3.66390726e-01  6.02678175e-01
  9.99944535e+01  3.60502461e-01  4.83900815e-01  2.01826011e-01
  9.99996400e+01  5.85225274e-01  6.20228378e-01 -1.10839429e-02
  5.16836348e+02  2.99996079e+02  3.00001238e+02  2.99995718e+02
  3.00000612e+02]"
385,9.524342343980253,50.637183586786726,"[ 1.00003677e+02  2.07683176e-01  3.41854804e-01  9.60917612e-01
  1.00003263e+02  3.72977094e-01  4.17331734e-01  7.18875763e-01
  9.99979485e+01  3.20245634e-01  3.75971699e-01  7.42110323e-01
  1.00002295e+02  3.08690843e-01  3.66390726e-01  6.02678175e-01
  9.99944535e+01  3.60502461e-01  4.83900815e-01  2.01826011e-01
  9.99996400e+01  5.85225274e-01  6.20228378e-01 -1.10839429e-02
  5.16836348e+02  2.99996079e+02  3.00001238e+02  2.99995718e+02
  3.00000612e+02]"
386,9.524262272779328,82.84878731793147,"[ 1.00003677e+02  2.07682771e-01  3.41854522e-01  9.60917955e-01
  1.00003263e+02  3.72977898e-01  4.17332418e-01  7.18875627e-01
  9.99979486e+01  3.20245343e-01  3.75971118e-01  7.42110070e-01
  1.00002295e+02  3.08690873e-01  3.66390923e-01  6.02678308e-01
  9.99944535e+01  3.60503016e-01  4.83900716e-01  2.01826166e-01
  9.99996400e+01  5.85225011e-01  6.20228134e-01 -1.10842194e-02
  5.16836348e+02  2.99996079e+02  3.00001238e+02  2.99995718e+02
  3.00000612e+02]"
387,9.52410891113218,90.50710805760008,"[ 1.00003677e+02  2.07682043e-01  3.41853951e-01  9.60918711e-01
  1.00003263e+02  3.72979408e-01  4.17333810e-01  7.18875382e-01
  9.99979487e+01  3.20244670e-01  3.75969905e-01  7.42109631e-01
  1.00002295e+02  3.08690860e-01  3.66391308e-01  6.02678613e-01
  9.99944536e+01  3.60504097e-01  4.83900446e-01  2.01826462e-01
  9.99996399e+01  5.85224475e-01  6.20227645e-01 -1.10848426e-02
  5.16836347e+02  2.99996079e+02  3.00001237e+02  2.99995718e+02
  3.00000612e+02]"
388,9.523810672719648,97.05531972021049,"[ 1.00003677e+02  2.07680737e-01  3.41852841e-01  9.60920304e-01
  1.00003263e+02  3.72982322e-01  4.17336604e-01  7.18874880e-01
  9.99979490e+01  3.20243295e-01  3.75967438e-01  7.42108811e-01
  1.00002295e+02  3.08690820e-01  3.66392093e-01  6.02679270e-01
  9.99944537e+01  3.60506259e-01  4.83899795e-01  2.01827091e-01
  9.99996398e+01  5.85223363e-01  6.20226596e-01 -1.10861090e-02
  5.16836347e+02  2.99996079e+02  3.00001237e+02  2.99995717e+02
  3.00000612e+02]"
389,9.523289870620923,130.35965617873637,"[ 1.00003677e+02  2.07679112e-01  3.41850667e-01  9.60924068e-01
  1.00003264e+02  3.72987160e-01  4.17342287e-01  7.18874043e-01
  9.99979497e+01  3.20239989e-01  3.75962136e-01  7.42107751e-01
  1.00002296e+02  3.08690245e-01  3.66393650e-01  6.02680899e-01
  9.99944539e+01  3.60510291e-01  4.83897811e-01  2.01828218e-01
  9.99996394e+01  5.85221030e-01  6.20224465e-01 -1.10890475e-02
  5.16836346e+02  2.99996078e+02  3.00001236e+02  2.99995717e+02
  3.00000612e+02]"
390,9.522095971991156,90.80419651008621,"[ 1.00003676e+02  2.07673528e-01  3.41846214e-01  9.60930101e-01
  1.00003265e+02  3.72999262e-01  4.17353462e-01  7.18872044e-01
  9.99979508e+01  3.20234685e-01  3.75952402e-01  7.42104248e-01
  1.00002297e+02  3.08690194e-01  3.66396853e-01  6.02683401e-01
  9.99944544e+01  3.60518984e-01  4.83895514e-01  2.01830599e-01
  9.99996389e+01  5.85216663e-01  6.20220439e-01 -1.10939409e-02
  5.16836345e+02  2.99996078e+02  3.00001235e+02  2.99995716e+02
  3.00000613e+02]"
391,9.519593641566225,73.19578677395816,"[ 1.00003676e+02  2.07660077e-01  3.41837828e-01  9.60939523e-01
  1.00003267e+02  3.73026889e-01  4.17375222e-01  7.18867561e-01
  9.99979527e+01  3.20226813e-01  3.75935142e-01  7.42095135e-01
  1.00002299e+02  3.08691770e-01  3.66403321e-01  6.02687063e-01
  9.99944555e+01  3.60537096e-01  4.83893168e-01  2.01836211e-01
  9.99996380e+01  5.85207991e-01  6.20212220e-01 -1.11008994e-02
  5.16836343e+02  2.99996078e+02  3.00001233e+02  2.99995716e+02
  3.00000613e+02]"
392,9.514834036339622,69.37313673547635,"[ 1.00003676e+02  2.07631278e-01  3.41821611e-01  9.60957434e-01
  1.00003270e+02  3.73083384e-01  4.17418180e-01  7.18857583e-01
  9.99979556e+01  3.20212614e-01  3.75901470e-01  7.42076144e-01
  1.00002301e+02  3.08695634e-01  3.66416834e-01  6.02693605e-01
  9.99944572e+01  3.60573454e-01  4.83890498e-01  2.01846293e-01
  9.99996365e+01  5.85191860e-01  6.20196923e-01 -1.11156017e-02
  5.16836341e+02  2.99996077e+02  3.00001229e+02  2.99995714e+02
  3.00000614e+02]"
393,9.50595582180225,52.25039527374226,"[ 1.00003674e+02  2.07548612e-01  3.41800808e-01  9.60963022e-01
  1.00003275e+02  3.73215065e-01  4.17483919e-01  7.18828924e-01
  9.99979544e+01  3.20211140e-01  3.75860372e-01  7.42021725e-01
  1.00002302e+02  3.08718028e-01  3.66443538e-01  6.02691493e-01
  9.99944585e+01  3.60644207e-01  4.83914611e-01  2.01866379e-01
  9.99996362e+01  5.85168875e-01  6.20175526e-01 -1.11256854e-02
  5.16836340e+02  2.99996077e+02  3.00001229e+02  2.99995714e+02
  3.00000614e+02]"
394,9.492799387837795,49.537089401052704,"[ 1.00003672e+02  2.07417174e-01  3.41824428e-01  9.60980023e-01
  1.00003286e+02  3.73460285e-01  4.17605445e-01  7.18734111e-01
  9.99979447e+01  3.20187118e-01  3.75759783e-01  7.41911898e-01
  1.00002302e+02  3.08776127e-01  3.66538757e-01  6.02679616e-01
  9.99944561e+01  3.60791937e-01  4.83970899e-01  2.01892330e-01
  9.99996358e+01  5.85115515e-01  6.20113746e-01 -1.11545731e-02
  5.16836356e+02  2.99996071e+02  3.00001231e+02  2.99995709e+02
  3.00000616e+02]"
395,9.478512242717889,50.31188407055608,"[ 1.00003669e+02  2.07228348e-01  3.41962183e-01  9.61035871e-01
  1.00003313e+02  3.73884845e-01  4.17867797e-01  7.18477805e-01
  9.99978834e+01  3.20136902e-01  3.75558524e-01  7.41715947e-01
  1.00002312e+02  3.08900378e-01  3.66810462e-01  6.02677575e-01
  9.99944218e+01  3.61068285e-01  4.84073066e-01  2.01905007e-01
  9.99996344e+01  5.84989573e-01  6.19958660e-01 -1.12194032e-02
  5.16836400e+02  2.99996040e+02  3.00001243e+02  2.99995680e+02
  3.00000625e+02]"
396,9.468177123789571,106.52141669119884,"[ 1.00003671e+02  2.07588959e-01  3.42001381e-01  9.61724828e-01
  1.00003397e+02  3.74074846e-01  4.18486684e-01  7.18323692e-01
  9.99980356e+01  3.19988858e-01  3.75007343e-01  7.41931179e-01
  1.00002427e+02  3.08674174e-01  3.67101901e-01  6.02905181e-01
  9.99944820e+01  3.61772114e-01  4.83746899e-01  2.01943054e-01
  9.99995738e+01  5.84572413e-01  6.19681061e-01 -1.16233717e-02
  5.16836231e+02  2.99996013e+02  3.00001084e+02  2.99995620e+02
  3.00000657e+02]"
397,9.43642395947666,59.14336807337368,"[ 1.00003689e+02  2.07875513e-01  3.42495861e-01  9.61899153e-01
  1.00003445e+02  3.74428598e-01  4.18737965e-01  7.17490249e-01
  9.99978824e+01  3.20645055e-01  3.74768260e-01  7.41579803e-01
  1.00002444e+02  3.08250402e-01  3.67418694e-01  6.02590981e-01
  9.99943636e+01  3.62089552e-01  4.84051070e-01  2.02169849e-01
  9.99995750e+01  5.84351029e-01  6.19511136e-01 -1.19040843e-02
  5.16836010e+02  2.99995920e+02  3.00001114e+02  2.99995541e+02
  3.00000681e+02]"
398,9.43642395947666,68.8852276370027,"[ 1.00003689e+02  2.07875513e-01  3.42495861e-01  9.61899153e-01
  1.00003445e+02  3.74428598e-01  4.18737965e-01  7.17490249e-01
  9.99978824e+01  3.20645055e-01  3.74768260e-01  7.41579803e-01
  1.00002444e+02  3.08250402e-01  3.67418694e-01  6.02590981e-01
  9.99943636e+01  3.62089552e-01  4.84051070e-01  2.02169849e-01
  9.99995750e+01  5.84351029e-01  6.19511136e-01 -1.19040843e-02
  5.16836010e+02  2.99995920e+02  3.00001114e+02  2.99995541e+02
  3.00000681e+02]"
399,9.429546291393011,68.94067215047835,"[ 1.00003701e+02  2.08055015e-01  3.42673712e-01  9.61999786e-01
  1.00003474e+02  3.74678697e-01  4.18983325e-01  7.17152293e-01
  9.99977645e+01  3.20938621e-01  3.74661075e-01  7.41410308e-01
  1.00002466e+02  3.08104687e-01  3.67626030e-01  6.02442264e-01
  9.99942687e+01  3.62264483e-01  4.84234903e-01  2.02195487e-01
  9.99995732e+01  5.84202445e-01  6.19417770e-01 -1.20126252e-02
  5.16835873e+02  2.99995851e+02  3.00001136e+02  2.99995479e+02
  3.00000699e+02]"
400,9.429546291393011,81.8173747469366,"[ 1.00003701e+02  2.08055015e-01  3.42673712e-01  9.61999786e-01
  1.00003474e+02  3.74678697e-01  4.18983325e-01  7.17152293e-01
  9.99977645e+01  3.20938621e-01  3.74661075e-01  7.41410308e-01
  1.00002466e+02  3.08104687e-01  3.67626030e-01  6.02442264e-01
  9.99942687e+01  3.62264483e-01  4.84234903e-01  2.02195487e-01
  9.99995732e+01  5.84202445e-01  6.19417770e-01 -1.20126252e-02
  5.16835873e+02  2.99995851e+02  3.00001136e+02  2.99995479e+02
  3.00000699e+02]"
401,9.413439300715774,67.15034312852893,"[ 1.00003696e+02  2.07882035e-01  3.42616858e-01  9.62000278e-01
  1.00003472e+02  3.74673621e-01  4.18921227e-01  7.17069141e-01
  9.99977947e+01  3.21118506e-01  3.74750519e-01  7.41451461e-01
  1.00002463e+02  3.08374725e-01  3.67690322e-01  6.02456021e-01
  9.99942892e+01  3.62224131e-01  4.84180113e-01  2.02203322e-01
  9.99995744e+01  5.84200675e-01  6.19387073e-01 -1.20042447e-02
  5.16835889e+02  2.99995866e+02  3.00001134e+02  2.99995493e+02
  3.00000695e+02]"
402,9.39239687812693,68.19012253601431,"[ 1.00003687e+02  2.07573374e-01  3.42457513e-01  9.62061335e-01
  1.00003463e+02  3.74642815e-01  4.18720801e-01  7.16941121e-01
  9.99978287e+01  3.21352079e-01  3.74925870e-01  7.41552047e-01
  1.00002460e+02  3.08980915e-01  3.67634568e-01  6.02528130e-01
  9.99943156e+01  3.62171033e-01  4.84097939e-01  2.02128932e-01
  9.99995767e+01  5.84212755e-01  6.19325746e-01 -1.20059163e-02
  5.16835985e+02  2.99995884e+02  3.00001132e+02  2.99995514e+02
  3.00000690e+02]"
403,9.386720908704548,79.48253976044819,"[ 1.00003680e+02  2.07100969e-01  3.41779126e-01  9.62123666e-01
  1.00003464e+02  3.74438516e-01  4.18287341e-01  7.16961583e-01
  9.99978615e+01  3.21610122e-01  3.75221052e-01  7.42214312e-01
  1.00002481e+02  3.09947100e-01  3.68027664e-01  6.02657432e-01
  9.99943305e+01  3.62053054e-01  4.84058990e-01  2.02281889e-01
  9.99995830e+01  5.84156071e-01  6.19105998e-01 -1.20626797e-02
  5.16836145e+02  2.99995903e+02  3.00001142e+02  2.99995537e+02
  3.00000683e+02]"
404,9.355834454242961,50.66254155364188,"[ 1.00003738e+02  2.07482193e-01  3.41825441e-01  9.62145791e-01
  1.00003471e+02  3.74572202e-01  4.18307992e-01  7.16488678e-01
  9.99975554e+01  3.22104590e-01  3.75104362e-01  7.41822867e-01
  1.00002492e+02  3.10460534e-01  3.67942265e-01  6.02247962e-01
  9.99940460e+01  3.62358808e-01  4.84168455e-01  2.02836354e-01
  9.99996035e+01  5.84418146e-01  6.18434373e-01 -1.26170391e-02
  5.16836156e+02  2.99995697e+02  3.00001192e+02  2.99995364e+02
  3.00000733e+02]"
405,9.355834454242961,97.12485724819541,"[ 1.00003738e+02  2.07482193e-01  3.41825441e-01  9.62145791e-01
  1.00003471e+02  3.74572202e-01  4.18307992e-01  7.16488678e-01
  9.99975554e+01  3.22104590e-01  3.75104362e-01  7.41822867e-01
  1.00002492e+02  3.10460534e-01  3.67942265e-01  6.02247962e-01
  9.99940460e+01  3.62358808e-01  4.84168455e-01  2.02836354e-01
  9.99996035e+01  5.84418146e-01  6.18434373e-01 -1.26170391e-02
  5.16836156e+02  2.99995697e+02  3.00001192e+02  2.99995364e+02
  3.00000733e+02]"
406,9.34645932730535,78.06509572386138,"[ 1.00003734e+02  2.07668604e-01  3.42091388e-01  9.62127725e-01
  1.00003479e+02  3.74908311e-01  4.18531693e-01  7.16358222e-01
  9.99976004e+01  3.22143062e-01  3.75077011e-01  7.41672712e-01
  1.00002484e+02  3.10080600e-01  3.68139060e-01  6.02228458e-01
  9.99940962e+01  3.62718364e-01  4.84274350e-01  2.02873057e-01
  9.99995963e+01  5.84252341e-01  6.18472970e-01 -1.26448511e-02
  5.16836042e+02  2.99995714e+02  3.00001174e+02  2.99995379e+02
  3.00000734e+02]"
407,9.34645932730535,1863341.243083974,"[ 1.00003734e+02  2.07668604e-01  3.42091388e-01  9.62127725e-01
  1.00003479e+02  3.74908311e-01  4.18531693e-01  7.16358222e-01
  9.99976004e+01  3.22143062e-01  3.75077011e-01  7.41672712e-01
  1.00002484e+02  3.10080600e-01  3.68139060e-01  6.02228458e-01
  9.99940962e+01  3.62718364e-01  4.84274350e-01  2.02873057e-01
  9.99995963e+01  5.84252341e-01  6.18472970e-01 -1.26448511e-02
  5.16836042e+02  2.99995714e+02  3.00001174e+02  2.99995379e+02
  3.00000734e+02]"
408,9.34001005482732,96.93823132352263,"[ 1.00003736e+02  2.07564615e-01  3.41970064e-01  9.62166848e-01
  1.00003481e+02  3.74911707e-01  4.18449927e-01  7.16271797e-01
  9.99975692e+01  3.22284711e-01  3.75099506e-01  7.41710455e-01
  1.00002495e+02  3.10373012e-01  3.68129139e-01  6.02261094e-01
  9.99940647e+01  3.62631981e-01  4.84240169e-01  2.02895966e-01
  9.99995973e+01  5.84271408e-01  6.18402599e-01 -1.26524063e-02
  5.16836105e+02  2.99995697e+02  3.00001180e+02  2.99995364e+02
  3.00000737e+02]"
409,9.336480287846337,90.83731856804768,"[ 1.00003736e+02  2.07748439e-01  3.42201801e-01  9.62148165e-01
  1.00003491e+02  3.75188237e-01  4.18723095e-01  7.16198697e-01
  9.99976047e+01  3.22308417e-01  3.75085446e-01  7.41487540e-01
  1.00002486e+02  3.10002594e-01  3.68238247e-01  6.02208476e-01
  9.99941043e+01  3.63038101e-01  4.84362251e-01  2.02958915e-01
  9.99995912e+01  5.84126377e-01  6.18483474e-01 -1.26605049e-02
  5.16835955e+02  2.99995709e+02  3.00001165e+02  2.99995375e+02
  3.00000739e+02]"
410,9.321409395776493,91.48572503797489,"[ 1.00003742e+02  2.07518103e-01  3.41985795e-01  9.62181797e-01
  1.00003503e+02  3.75218193e-01  4.18573524e-01  7.16067232e-01
  9.99975524e+01  3.22639727e-01  3.75168794e-01  7.41583296e-01
  1.00002513e+02  3.10536830e-01  3.68303123e-01  6.02231667e-01
  9.99940390e+01  3.62826312e-01  4.84278086e-01  2.02950496e-01
  9.99995909e+01  5.84123103e-01  6.18351809e-01 -1.27194325e-02
  5.16836161e+02  2.99995667e+02  3.00001169e+02  2.99995334e+02
  3.00000748e+02]"
411,9.283503713950346,30.8696636023197,"[ 1.00003674e+02  2.07291378e-01  3.41960867e-01  9.62324992e-01
  1.00003489e+02  3.75739793e-01  4.18813002e-01  7.15218566e-01
  9.99973021e+01  3.23187760e-01  3.75239913e-01  7.41097276e-01
  1.00002508e+02  3.11150102e-01  3.68544400e-01  6.02358314e-01
  9.99938699e+01  3.62876276e-01  4.84610538e-01  2.02979009e-01
  9.99996210e+01  5.84194571e-01  6.17837076e-01 -1.30676201e-02
  5.16836191e+02  2.99995569e+02  3.00001241e+02  2.99995268e+02
  3.00000767e+02]"
412,9.211998231793372,89.90484692353678,"[ 1.00003680e+02  2.07247208e-01  3.41959590e-01  9.62612597e-01
  1.00003543e+02  3.76660606e-01  4.19206353e-01  7.13894731e-01
  9.99970997e+01  3.24889650e-01  3.75566038e-01  7.40950933e-01
  1.00002575e+02  3.12781816e-01  3.68899664e-01  6.02508255e-01
  9.99936734e+01  3.63087504e-01  4.85743674e-01  2.02779165e-01
  9.99996240e+01  5.83651566e-01  6.17289996e-01 -1.35101302e-02
  5.16836229e+02  2.99995483e+02  3.00001321e+02  2.99995169e+02
  3.00000763e+02]"
413,9.183947237587011,139.18594163431382,"[ 1.00003767e+02  2.06983578e-01  3.41882795e-01  9.62118247e-01
  1.00003483e+02  3.76941241e-01  4.19216555e-01  7.11718385e-01
  9.99961770e+01  3.26539610e-01  3.76328927e-01  7.41510407e-01
  1.00002618e+02  3.16125770e-01  3.70049054e-01  6.00695035e-01
  9.99928047e+01  3.64166967e-01  4.86004668e-01  2.02474723e-01
  9.99997466e+01  5.85345542e-01  6.14789568e-01 -1.57125832e-02
  5.16837448e+02  2.99994882e+02  3.00001646e+02  2.99994574e+02
  3.00000816e+02]"
414,9.118488842783337,158.9175019778945,"[ 1.00003934e+02  2.07359556e-01  3.42733791e-01  9.60713497e-01
  1.00003120e+02  3.78007058e-01  4.20312321e-01  7.11802859e-01
  9.99950140e+01  3.26845571e-01  3.77978504e-01  7.40387920e-01
  1.00002424e+02  3.17097221e-01  3.70287651e-01  5.99007016e-01
  9.99918251e+01  3.66074755e-01  4.86034625e-01  2.01694075e-01
  9.99999961e+01  5.88672706e-01  6.11812752e-01 -1.73329469e-02
  5.16837923e+02  2.99994180e+02  3.00002088e+02  2.99993955e+02
  3.00000875e+02]"
415,9.118488842783337,205.5346694869072,"[ 1.00003934e+02  2.07359556e-01  3.42733791e-01  9.60713497e-01
  1.00003120e+02  3.78007058e-01  4.20312321e-01  7.11802859e-01
  9.99950140e+01  3.26845571e-01  3.77978504e-01  7.40387920e-01
  1.00002424e+02  3.17097221e-01  3.70287651e-01  5.99007016e-01
  9.99918251e+01  3.66074755e-01  4.86034625e-01  2.01694075e-01
  9.99999961e+01  5.88672706e-01  6.11812752e-01 -1.73329469e-02
  5.16837923e+02  2.99994180e+02  3.00002088e+02  2.99993955e+02
  3.00000875e+02]"
416,9.118488842783337,160.12632892166383,"[ 1.00003934e+02  2.07359556e-01  3.42733791e-01  9.60713497e-01
  1.00003120e+02  3.78007058e-01  4.20312321e-01  7.11802859e-01
  9.99950140e+01  3.26845571e-01  3.77978504e-01  7.40387920e-01
  1.00002424e+02  3.17097221e-01  3.70287651e-01  5.99007016e-01
  9.99918251e+01  3.66074755e-01  4.86034625e-01  2.01694075e-01
  9.99999961e+01  5.88672706e-01  6.11812752e-01 -1.73329469e-02
  5.16837923e+02  2.99994180e+02  3.00002088e+02  2.99993955e+02
  3.00000875e+02]"
417,9.118488842783337,153.98490606208873,"[ 1.00003934e+02  2.07359556e-01  3.42733791e-01  9.60713497e-01
  1.00003120e+02  3.78007058e-01  4.20312321e-01  7.11802859e-01
  9.99950140e+01  3.26845571e-01  3.77978504e-01  7.40387920e-01
  1.00002424e+02  3.17097221e-01  3.70287651e-01  5.99007016e-01
  9.99918251e+01  3.66074755e-01  4.86034625e-01  2.01694075e-01
  9.99999961e+01  5.88672706e-01  6.11812752e-01 -1.73329469e-02
  5.16837923e+02  2.99994180e+02  3.00002088e+02  2.99993955e+02
  3.00000875e+02]"
418,9.118488842783337,163.35543371312426,"[ 1.00003934e+02  2.07359556e-01  3.42733791e-01  9.60713497e-01
  1.00003120e+02  3.78007058e-01  4.20312321e-01  7.11802859e-01
  9.99950140e+01  3.26845571e-01  3.77978504e-01  7.40387920e-01
  1.00002424e+02  3.17097221e-01  3.70287651e-01  5.99007016e-01
  9.99918251e+01  3.66074755e-01  4.86034625e-01  2.01694075e-01
  9.99999961e+01  5.88672706e-01  6.11812752e-01 -1.73329469e-02
  5.16837923e+02  2.99994180e+02  3.00002088e+02  2.99993955e+02
  3.00000875e+02]"
419,9.118488842783337,164.78231347190933,"[ 1.00003934e+02  2.07359556e-01  3.42733791e-01  9.60713497e-01
  1.00003120e+02  3.78007058e-01  4.20312321e-01  7.11802859e-01
  9.99950140e+01  3.26845571e-01  3.77978504e-01  7.40387920e-01
  1.00002424e+02  3.17097221e-01  3.70287651e-01  5.99007016e-01
  9.99918251e+01  3.66074755e-01  4.86034625e-01  2.01694075e-01
  9.99999961e+01  5.88672706e-01  6.11812752e-01 -1.73329469e-02
  5.16837923e+02  2.99994180e+02  3.00002088e+02  2.99993955e+02
  3.00000875e+02]"
420,9.118488842783337,165.34716846690924,"[ 1.00003934e+02  2.07359556e-01  3.42733791e-01  9.60713497e-01
  1.00003120e+02  3.78007058e-01  4.20312321e-01  7.11802859e-01
  9.99950140e+01  3.26845571e-01  3.77978504e-01  7.40387920e-01
  1.00002424e+02  3.17097221e-01  3.70287651e-01  5.99007016e-01
  9.99918251e+01  3.66074755e-01  4.86034625e-01  2.01694075e-01
  9.99999961e+01  5.88672706e-01  6.11812752e-01 -1.73329469e-02
  5.16837923e+02  2.99994180e+02  3.00002088e+02  2.99993955e+02
  3.00000875e+02]"
421,9.11846678272298,99.81500926492943,"[ 1.00003934e+02  2.07359798e-01  3.42733655e-01  9.60713595e-01
  1.00003120e+02  3.78007783e-01  4.20311961e-01  7.11802160e-01
  9.99950141e+01  3.26845455e-01  3.77977969e-01  7.40388177e-01
  1.00002424e+02  3.17097623e-01  3.70287310e-01  5.99006772e-01
  9.99918251e+01  3.66074443e-01  4.86034155e-01  2.01694046e-01
  9.99999961e+01  5.88672162e-01  6.11812660e-01 -1.73330096e-02
  5.16837923e+02  2.99994180e+02  3.00002088e+02  2.99993955e+02
  3.00000875e+02]"
422,9.118439260620388,130.90001490035687,"[ 1.00003934e+02  2.07360113e-01  3.42733355e-01  9.60713736e-01
  1.00003121e+02  3.78009034e-01  4.20311312e-01  7.11800892e-01
  9.99950148e+01  3.26845138e-01  3.77977093e-01  7.40388796e-01
  1.00002425e+02  3.17098528e-01  3.70286609e-01  5.99006267e-01
  9.99918250e+01  3.66073735e-01  4.86033090e-01  2.01693977e-01
  9.99999958e+01  5.88671287e-01  6.11812488e-01 -1.73331227e-02
  5.16837923e+02  2.99994180e+02  3.00002087e+02  2.99993955e+02
  3.00000875e+02]"
423,9.118300384803735,41.136719985853176,"[ 1.00003934e+02  2.07361348e-01  3.42734107e-01  9.60714450e-01
  1.00003121e+02  3.78010509e-01  4.20311575e-01  7.11799746e-01
  9.99950148e+01  3.26845048e-01  3.77976352e-01  7.40387802e-01
  1.00002425e+02  3.17097769e-01  3.70286593e-01  5.99006029e-01
  9.99918251e+01  3.66074906e-01  4.86033561e-01  2.01694511e-01
  9.99999958e+01  5.88670891e-01  6.11812264e-01 -1.73332252e-02
  5.16837923e+02  2.99994180e+02  3.00002087e+02  2.99993955e+02
  3.00000875e+02]"
424,9.118023359116256,41.06712659356188,"[ 1.00003934e+02  2.07363820e-01  3.42735615e-01  9.60715876e-01
  1.00003121e+02  3.78013457e-01  4.20312087e-01  7.11797466e-01
  9.99950148e+01  3.26844841e-01  3.77974844e-01  7.40385828e-01
  1.00002425e+02  3.17096225e-01  3.70286585e-01  5.99005573e-01
  9.99918251e+01  3.66077236e-01  4.86034507e-01  2.01695597e-01
  9.99999958e+01  5.88670098e-01  6.11811846e-01 -1.73334202e-02
  5.16837923e+02  2.99994180e+02  3.00002087e+02  2.99993955e+02
  3.00000875e+02]"
425,9.117471321786285,41.07689143615999,"[ 1.00003934e+02  2.07368754e-01  3.42738607e-01  9.60718711e-01
  1.00003121e+02  3.78019356e-01  4.20313131e-01  7.11792901e-01
  9.99950148e+01  3.26844429e-01  3.77971821e-01  7.40381872e-01
  1.00002425e+02  3.17093119e-01  3.70286592e-01  5.99004663e-01
  9.99918253e+01  3.66081885e-01  4.86036409e-01  2.01697778e-01
  9.99999957e+01  5.88668507e-01  6.11810994e-01 -1.73338192e-02
  5.16837923e+02  2.99994180e+02  3.00002087e+02  2.99993955e+02
  3.00000875e+02]"
426,9.11665078434018,42.889410189633516,"[ 1.00003934e+02  2.07372884e-01  3.42746739e-01  9.60728914e-01
  1.00003120e+02  3.78027405e-01  4.20326108e-01  7.11784972e-01
  9.99950143e+01  3.26842093e-01  3.77971544e-01  7.40377029e-01
  1.00002422e+02  3.17094861e-01  3.70283372e-01  5.99004627e-01
  9.99918280e+01  3.66089049e-01  4.86041384e-01  2.01702129e-01
  9.99999969e+01  5.88670387e-01  6.11808623e-01 -1.73344440e-02
  5.16837924e+02  2.99994182e+02  3.00002089e+02  2.99993957e+02
  3.00000874e+02]"
427,9.114489961009335,43.54762372004071,"[ 1.00003935e+02  2.07392926e-01  3.42760445e-01  9.60743257e-01
  1.00003120e+02  3.78051337e-01  4.20332961e-01  7.11766522e-01
  9.99950143e+01  3.26842378e-01  3.77960589e-01  7.40363626e-01
  1.00002421e+02  3.17090103e-01  3.70280890e-01  5.98998566e-01
  9.99918291e+01  3.66106562e-01  4.86048862e-01  2.01712210e-01
  9.99999971e+01  5.88665508e-01  6.11802038e-01 -1.73384298e-02
  5.16837923e+02  2.99994182e+02  3.00002090e+02  2.99993958e+02
  3.00000874e+02]"
428,9.110236064060409,44.143792445143276,"[ 1.00003936e+02  2.07430643e-01  3.42785943e-01  9.60765805e-01
  1.00003123e+02  3.78099395e-01  4.20343816e-01  7.11728023e-01
  9.99950131e+01  3.26847665e-01  3.77939384e-01  7.40331902e-01
  1.00002421e+02  3.17074342e-01  3.70281404e-01  5.98989800e-01
  9.99918290e+01  3.66145664e-01  4.86065115e-01  2.01729368e-01
  9.99999970e+01  5.88653939e-01  6.11790923e-01 -1.73442858e-02
  5.16837922e+02  2.99994182e+02  3.00002090e+02  2.99993957e+02
  3.00000875e+02]"
429,9.103554427255336,47.47918367429461,"[ 1.00003937e+02  2.07480060e-01  3.42796308e-01  9.60859116e-01
  1.00003134e+02  3.78208838e-01  4.20320352e-01  7.11644940e-01
  9.99950231e+01  3.26847840e-01  3.77915482e-01  7.40286794e-01
  1.00002429e+02  3.17047436e-01  3.70306610e-01  5.98980695e-01
  9.99918313e+01  3.66156884e-01  4.86076189e-01  2.01758308e-01
  9.99999928e+01  5.88575451e-01  6.11777422e-01 -1.73522258e-02
  5.16837921e+02  2.99994177e+02  3.00002082e+02  2.99993947e+02
  3.00000877e+02]"
430,9.089622985992673,43.28277609457203,"[ 1.00003942e+02  2.07644873e-01  3.42930681e-01  9.60925009e-01
  1.00003148e+02  3.78377174e-01  4.20353010e-01  7.11549081e-01
  9.99950396e+01  3.26892493e-01  3.77818911e-01  7.40124999e-01
  1.00002427e+02  3.16961207e-01  3.70303689e-01  5.98932751e-01
  9.99918488e+01  3.66288416e-01  4.86131897e-01  2.01826365e-01
  9.99999907e+01  5.88496193e-01  6.11750867e-01 -1.73570734e-02
  5.16837870e+02  2.99994186e+02  3.00002080e+02  2.99993953e+02
  3.00000875e+02]"
431,9.064778349444886,34.433474077008704,"[ 1.00003950e+02  2.07807633e-01  3.43149163e-01  9.61066539e-01
  1.00003181e+02  3.78804559e-01  4.20494893e-01  7.11264048e-01
  9.99950320e+01  3.27006282e-01  3.77625524e-01  7.39784566e-01
  1.00002433e+02  3.16856495e-01  3.70357750e-01  5.98818104e-01
  9.99918493e+01  3.66539398e-01  4.86189665e-01  2.01967612e-01
  9.99999860e+01  5.88366089e-01  6.11700764e-01 -1.73622009e-02
  5.16837796e+02  2.99994182e+02  3.00002080e+02  2.99993942e+02
  3.00000875e+02]"
432,9.045493695198504,42.96231762964811,"[ 1.00003960e+02  2.08332638e-01  3.43684649e-01  9.61005703e-01
  1.00003249e+02  3.79383449e-01  4.20987056e-01  7.11009784e-01
  9.99950097e+01  3.27229191e-01  3.77292108e-01  7.39136586e-01
  1.00002467e+02  3.16343789e-01  3.70592039e-01  5.98471314e-01
  9.99917806e+01  3.66782175e-01  4.86524916e-01  2.02296324e-01
  9.99999739e+01  5.88124471e-01  6.11643701e-01 -1.74195180e-02
  5.16837409e+02  2.99994153e+02  3.00002089e+02  2.99993884e+02
  3.00000870e+02]"
433,9.044448056837497,111.67432243906173,"[ 1.00003960e+02  2.08934680e-01  3.44070820e-01  9.61132330e-01
  1.00003372e+02  3.79928068e-01  4.21787710e-01  7.09715718e-01
  9.99943162e+01  3.28077529e-01  3.76865443e-01  7.38172272e-01
  1.00002600e+02  3.15231662e-01  3.71655538e-01  5.97574433e-01
  9.99911530e+01  3.67062158e-01  4.86784994e-01  2.02958452e-01
  9.99999934e+01  5.88397147e-01  6.11227448e-01 -1.76621981e-02
  5.16836598e+02  2.99993767e+02  3.00002263e+02  2.99993480e+02
  3.00000922e+02]"
434,9.044448056837497,143.2988921211193,"[ 1.00003960e+02  2.08934680e-01  3.44070820e-01  9.61132330e-01
  1.00003372e+02  3.79928068e-01  4.21787710e-01  7.09715718e-01
  9.99943162e+01  3.28077529e-01  3.76865443e-01  7.38172272e-01
  1.00002600e+02  3.15231662e-01  3.71655538e-01  5.97574433e-01
  9.99911530e+01  3.67062158e-01  4.86784994e-01  2.02958452e-01
  9.99999934e+01  5.88397147e-01  6.11227448e-01 -1.76621981e-02
  5.16836598e+02  2.99993767e+02  3.00002263e+02  2.99993480e+02
  3.00000922e+02]"
435,9.044448056837497,104.39031934922261,"[ 1.00003960e+02  2.08934680e-01  3.44070820e-01  9.61132330e-01
  1.00003372e+02  3.79928068e-01  4.21787710e-01  7.09715718e-01
  9.99943162e+01  3.28077529e-01  3.76865443e-01  7.38172272e-01
  1.00002600e+02  3.15231662e-01  3.71655538e-01  5.97574433e-01
  9.99911530e+01  3.67062158e-01  4.86784994e-01  2.02958452e-01
  9.99999934e+01  5.88397147e-01  6.11227448e-01 -1.76621981e-02
  5.16836598e+02  2.99993767e+02  3.00002263e+02  2.99993480e+02
  3.00000922e+02]"
436,9.031630809164884,74.57049927156285,"[ 1.00003959e+02  2.08825717e-01  3.44026605e-01  9.61120755e-01
  1.00003374e+02  3.79988834e-01  4.21820875e-01  7.09706215e-01
  9.99943132e+01  3.28074300e-01  3.76844379e-01  7.38139629e-01
  1.00002602e+02  3.15344832e-01  3.71717775e-01  5.97592229e-01
  9.99911499e+01  3.67008576e-01  4.86741812e-01  2.02935363e-01
  9.99999938e+01  5.88396084e-01  6.11230383e-01 -1.76529742e-02
  5.16836599e+02  2.99993765e+02  3.00002263e+02  2.99993479e+02
  3.00000923e+02]"
437,9.011629998707452,64.68530206156619,"[ 1.00003955e+02  2.08661308e-01  3.43941370e-01  9.61121466e-01
  1.00003380e+02  3.80077894e-01  4.21856989e-01  7.09645504e-01
  9.99943017e+01  3.28083658e-01  3.76814423e-01  7.38069987e-01
  1.00002608e+02  3.15619850e-01  3.71845162e-01  5.97597046e-01
  9.99911405e+01  3.66889649e-01  4.86649155e-01  2.02888948e-01
  9.99999949e+01  5.88385250e-01  6.11242955e-01 -1.76294048e-02
  5.16836599e+02  2.99993760e+02  3.00002267e+02  2.99993475e+02
  3.00000924e+02]"
438,8.982902265593285,42.346418667284276,"[ 1.00003953e+02  2.08394704e-01  3.43871817e-01  9.61181049e-01
  1.00003396e+02  3.80236418e-01  4.21823496e-01  7.09304455e-01
  9.99942649e+01  3.28385413e-01  3.76856890e-01  7.37918402e-01
  1.00002633e+02  3.16109712e-01  3.72088165e-01  5.97542588e-01
  9.99911207e+01  3.66801461e-01  4.86500882e-01  2.02880677e-01
  9.99999872e+01  5.88316272e-01  6.11221458e-01 -1.75812717e-02
  5.16836556e+02  2.99993733e+02  3.00002277e+02  2.99993436e+02
  3.00000928e+02]"
439,8.939258825764714,30.80253358951267,"[ 1.00003882e+02  2.08087015e-01  3.43892364e-01  9.61566076e-01
  1.00003370e+02  3.80511480e-01  4.21849206e-01  7.08366643e-01
  9.99942626e+01  3.29152820e-01  3.76870891e-01  7.37491319e-01
  1.00002644e+02  3.16800844e-01  3.72455589e-01  5.97410627e-01
  9.99911172e+01  3.67036729e-01  4.86333802e-01  2.02872644e-01
  9.99999468e+01  5.88178076e-01  6.11220652e-01 -1.74735056e-02
  5.16836584e+02  2.99993703e+02  3.00002207e+02  2.99993377e+02
  3.00000993e+02]"
440,8.862718594958036,25.87656871103203,"[ 1.00003979e+02  2.07636681e-01  3.44020907e-01  9.62074546e-01
  1.00003617e+02  3.81386064e-01  4.21927967e-01  7.06339888e-01
  9.99945506e+01  3.30556042e-01  3.76765213e-01  7.36554263e-01
  1.00003062e+02  3.17731005e-01  3.73143319e-01  5.97433233e-01
  9.99910336e+01  3.67669304e-01  4.86203162e-01  2.03324506e-01
  9.99996365e+01  5.87886310e-01  6.10880953e-01 -1.74780884e-02
  5.16836747e+02  2.99993866e+02  3.00002142e+02  2.99993095e+02
  3.00000956e+02]"
441,8.714449403538314,23.291182897593135,"[ 1.00003973e+02  2.06901851e-01  3.44263972e-01  9.63446586e-01
  1.00003798e+02  3.83201336e-01  4.22060718e-01  7.02263124e-01
  9.99945509e+01  3.33258039e-01  3.76333834e-01  7.34406650e-01
  1.00003055e+02  3.19411386e-01  3.74477545e-01  5.97019133e-01
  9.99910762e+01  3.69257152e-01  4.86155872e-01  2.03975434e-01
  9.99995229e+01  5.86862547e-01  6.10215442e-01 -1.75168262e-02
  5.16836732e+02  2.99993810e+02  3.00002158e+02  2.99993115e+02
  3.00000892e+02]"
442,8.494383278180024,24.15919986079009,"[ 1.00008535e+02  2.05443280e-01  3.44216581e-01  9.65172188e-01
  1.00003306e+02  3.86491745e-01  4.20115616e-01  6.95686244e-01
  9.99938850e+01  3.37147670e-01  3.75989099e-01  7.30027115e-01
  1.00006233e+02  3.21695771e-01  3.76973619e-01  5.95969693e-01
  9.99938295e+01  3.70581863e-01  4.86333509e-01  2.06619968e-01
  9.99994557e+01  5.84791886e-01  6.08660622e-01 -1.86730936e-02
  5.16836548e+02  2.99996622e+02  3.00001866e+02  2.99992172e+02
  3.00001402e+02]"
443,8.317007936317998,72.13626546867803,"[ 1.00004385e+02  2.02733771e-01  3.44446937e-01  9.67889828e-01
  9.99959890e+01  3.88470225e-01  4.17091426e-01  6.88892352e-01
  9.99884712e+01  3.39811156e-01  3.74140500e-01  7.25469032e-01
  1.00009800e+02  3.22203649e-01  3.79366261e-01  5.95360803e-01
  9.99932478e+01  3.69901589e-01  4.84950197e-01  2.10826242e-01
  1.00000240e+02  5.84354272e-01  6.04820888e-01 -2.28813096e-02
  5.16834889e+02  2.99999823e+02  2.99999962e+02  2.99987791e+02
  2.99981739e+02]"
444,8.185404209029121,86.07909413613172,"[ 1.00000791e+02  2.02026531e-01  3.41401957e-01  9.70660952e-01
  9.99995527e+01  3.91253169e-01  4.12738846e-01  6.83264777e-01
  9.99826094e+01  3.41367833e-01  3.74333191e-01  7.21346036e-01
  1.00017143e+02  3.22618884e-01  3.81847383e-01  5.96269598e-01
  1.00003049e+02  3.68852974e-01  4.85340896e-01  2.16302534e-01
  9.99847246e+01  5.80956465e-01  6.02933067e-01 -2.58093505e-02
  5.16836160e+02  2.99993140e+02  2.99997137e+02  2.99992474e+02
  2.99977701e+02]"
445,8.069492183341742,53.65106382911217,"[ 9.99963516e+01  2.01099721e-01  3.37324372e-01  9.75924621e-01
  1.00002247e+02  3.96030434e-01  4.03473742e-01  6.80526375e-01
  9.99766549e+01  3.43675021e-01  3.76855932e-01  7.14189057e-01
  1.00015153e+02  3.22558078e-01  3.78725433e-01  6.02986882e-01
  1.00004994e+02  3.67537616e-01  4.80256120e-01  2.20769981e-01
  9.99827931e+01  5.77248418e-01  5.98203034e-01 -2.54960655e-02
  5.16834103e+02  3.00000909e+02  3.00007925e+02  2.99983594e+02
  2.99975722e+02]"
446,7.714796380790335,42.188071614046706,"[ 9.99967581e+01  2.01855029e-01  3.31455230e-01  9.79282468e-01
  1.00003973e+02  3.95211404e-01  4.09116080e-01  6.68184212e-01
  9.99768846e+01  3.50726830e-01  3.73829085e-01  7.00951129e-01
  1.00010896e+02  3.25586039e-01  3.81227965e-01  5.97593181e-01
  1.00007747e+02  3.70278123e-01  4.79315296e-01  2.22479450e-01
  9.99752401e+01  5.78107688e-01  5.94934237e-01 -2.62430490e-02
  5.16834719e+02  3.00002744e+02  3.00004373e+02  2.99989363e+02
  2.99981368e+02]"
447,7.714796380790335,94.30938949879209,"[ 9.99967581e+01  2.01855029e-01  3.31455230e-01  9.79282468e-01
  1.00003973e+02  3.95211404e-01  4.09116080e-01  6.68184212e-01
  9.99768846e+01  3.50726830e-01  3.73829085e-01  7.00951129e-01
  1.00010896e+02  3.25586039e-01  3.81227965e-01  5.97593181e-01
  1.00007747e+02  3.70278123e-01  4.79315296e-01  2.22479450e-01
  9.99752401e+01  5.78107688e-01  5.94934237e-01 -2.62430490e-02
  5.16834719e+02  3.00002744e+02  3.00004373e+02  2.99989363e+02
  2.99981368e+02]"
448,7.693727893618629,135.03172031964056,"[ 1.00000348e+02  2.00089325e-01  3.36010751e-01  9.76749924e-01
  9.99986818e+01  3.94217086e-01  4.11239706e-01  6.62715496e-01
  9.99770838e+01  3.51348827e-01  3.71835997e-01  6.96896517e-01
  1.00010649e+02  3.22328699e-01  3.80294907e-01  5.96710495e-01
  1.00007698e+02  3.69636145e-01  4.75554199e-01  2.20171418e-01
  9.99749151e+01  5.78560154e-01  5.94319817e-01 -2.53684387e-02
  5.16835181e+02  3.00002480e+02  3.00004404e+02  2.99986923e+02
  2.99978570e+02]"
449,7.693727893618629,222.16220310383304,"[ 1.00000348e+02  2.00089325e-01  3.36010751e-01  9.76749924e-01
  9.99986818e+01  3.94217086e-01  4.11239706e-01  6.62715496e-01
  9.99770838e+01  3.51348827e-01  3.71835997e-01  6.96896517e-01
  1.00010649e+02  3.22328699e-01  3.80294907e-01  5.96710495e-01
  1.00007698e+02  3.69636145e-01  4.75554199e-01  2.20171418e-01
  9.99749151e+01  5.78560154e-01  5.94319817e-01 -2.53684387e-02
  5.16835181e+02  3.00002480e+02  3.00004404e+02  2.99986923e+02
  2.99978570e+02]"
450,7.6422876437305245,184.45148590418302,"[ 1.00000897e+02  1.99247473e-01  3.34720400e-01  9.77258976e-01
  9.99984370e+01  3.94384447e-01  4.11476637e-01  6.61489946e-01
  9.99774272e+01  3.51765525e-01  3.72001424e-01  6.97242016e-01
  1.00010549e+02  3.22132640e-01  3.81895205e-01  5.97123867e-01
  1.00007226e+02  3.69650734e-01  4.75333050e-01  2.20187444e-01
  9.99757948e+01  5.77912263e-01  5.95234961e-01 -2.48002396e-02
  5.16835131e+02  3.00002421e+02  3.00004044e+02  2.99986999e+02
  2.99979185e+02]"
451,7.596056180507494,28.223292158820332,"[ 1.00001412e+02  1.98785121e-01  3.34253333e-01  9.77819298e-01
  9.99987070e+01  3.94215995e-01  4.11909977e-01  6.59860503e-01
  9.99771861e+01  3.52031079e-01  3.71401501e-01  6.95895165e-01
  1.00011391e+02  3.22629647e-01  3.82237748e-01  5.96920282e-01
  1.00007297e+02  3.70326271e-01  4.75829685e-01  2.20745826e-01
  9.99761856e+01  5.77379672e-01  5.95082910e-01 -2.45554098e-02
  5.16835380e+02  3.00002593e+02  3.00003957e+02  2.99987999e+02
  2.99980153e+02]"
452,7.560097314894034,32.74034289514077,"[ 9.99996348e+01  1.97756758e-01  3.34126723e-01  9.79624588e-01
  9.99995924e+01  3.94710185e-01  4.10610446e-01  6.58029314e-01
  9.99772491e+01  3.52318584e-01  3.71099148e-01  6.94988845e-01
  1.00011897e+02  3.23496037e-01  3.82243288e-01  5.96292224e-01
  1.00010455e+02  3.72663548e-01  4.74881750e-01  2.19151239e-01
  9.99774267e+01  5.77506372e-01  5.94813344e-01 -2.28260153e-02
  5.16836225e+02  3.00002422e+02  3.00004355e+02  2.99986183e+02
  2.99979802e+02]"
453,7.515853430960706,42.12495793421616,"[ 1.00002968e+02  1.99384906e-01  3.31731920e-01  9.78314229e-01
  9.99940457e+01  3.92858745e-01  4.15029248e-01  6.55210407e-01
  9.99758634e+01  3.54050633e-01  3.69212874e-01  6.92522983e-01
  1.00013059e+02  3.23388518e-01  3.81926550e-01  5.95940247e-01
  1.00012913e+02  3.72743589e-01  4.76837362e-01  2.16404577e-01
  9.99756006e+01  5.75815726e-01  5.97889231e-01 -2.00953797e-02
  5.16836498e+02  3.00004341e+02  3.00005947e+02  2.99982041e+02
  2.99976317e+02]"
454,7.511309172823139,120.12462719105355,"[ 1.00006104e+02  1.97407399e-01  3.36634864e-01  9.78811988e-01
  9.99891595e+01  3.95699522e-01  4.15406200e-01  6.53479210e-01
  9.99759237e+01  3.56786552e-01  3.68687485e-01  6.95431599e-01
  1.00014775e+02  3.26822552e-01  3.84079548e-01  5.95327497e-01
  1.00014521e+02  3.77183383e-01  4.77583225e-01  2.14222963e-01
  9.99757997e+01  5.74519241e-01  5.97736968e-01 -2.04035795e-02
  5.16838128e+02  3.00003061e+02  3.00003239e+02  2.99982333e+02
  2.99971328e+02]"
455,7.511309172823139,143.52402655463663,"[ 1.00006104e+02  1.97407399e-01  3.36634864e-01  9.78811988e-01
  9.99891595e+01  3.95699522e-01  4.15406200e-01  6.53479210e-01
  9.99759237e+01  3.56786552e-01  3.68687485e-01  6.95431599e-01
  1.00014775e+02  3.26822552e-01  3.84079548e-01  5.95327497e-01
  1.00014521e+02  3.77183383e-01  4.77583225e-01  2.14222963e-01
  9.99757997e+01  5.74519241e-01  5.97736968e-01 -2.04035795e-02
  5.16838128e+02  3.00003061e+02  3.00003239e+02  2.99982333e+02
  2.99971328e+02]"
456,7.511309172823139,104.40947732508351,"[ 1.00006104e+02  1.97407399e-01  3.36634864e-01  9.78811988e-01
  9.99891595e+01  3.95699522e-01  4.15406200e-01  6.53479210e-01
  9.99759237e+01  3.56786552e-01  3.68687485e-01  6.95431599e-01
  1.00014775e+02  3.26822552e-01  3.84079548e-01  5.95327497e-01
  1.00014521e+02  3.77183383e-01  4.77583225e-01  2.14222963e-01
  9.99757997e+01  5.74519241e-01  5.97736968e-01 -2.04035795e-02
  5.16838128e+02  3.00003061e+02  3.00003239e+02  2.99982333e+02
  2.99971328e+02]"
457,7.509643053270408,43.67634000114983,"[ 1.00006140e+02  1.97477476e-01  3.36316956e-01  9.79126271e-01
  9.99892527e+01  3.95617020e-01  4.15521781e-01  6.53452137e-01
  9.99757145e+01  3.56795477e-01  3.68609891e-01  6.95220530e-01
  1.00015009e+02  3.26920309e-01  3.84043422e-01  5.95416390e-01
  1.00014635e+02  3.77260247e-01  4.77954452e-01  2.14263558e-01
  9.99757857e+01  5.74422800e-01  5.97811544e-01 -2.03296870e-02
  5.16838320e+02  3.00003287e+02  3.00003174e+02  2.99982430e+02
  2.99971339e+02]"
458,7.509643053270408,60.90163901801043,"[ 1.00006140e+02  1.97477476e-01  3.36316956e-01  9.79126271e-01
  9.99892527e+01  3.95617020e-01  4.15521781e-01  6.53452137e-01
  9.99757145e+01  3.56795477e-01  3.68609891e-01  6.95220530e-01
  1.00015009e+02  3.26920309e-01  3.84043422e-01  5.95416390e-01
  1.00014635e+02  3.77260247e-01  4.77954452e-01  2.14263558e-01
  9.99757857e+01  5.74422800e-01  5.97811544e-01 -2.03296870e-02
  5.16838320e+02  3.00003287e+02  3.00003174e+02  2.99982430e+02
  2.99971339e+02]"
459,7.50888562837656,67.22534209741356,"[ 1.00006150e+02  1.97499568e-01  3.36290010e-01  9.79088505e-01
  9.99892055e+01  3.95605691e-01  4.15565522e-01  6.53437114e-01
  9.99756759e+01  3.56867038e-01  3.68623356e-01  6.95235486e-01
  1.00015040e+02  3.26889199e-01  3.84120058e-01  5.95418554e-01
  1.00014665e+02  3.77196585e-01  4.77982743e-01  2.14328745e-01
  9.99757428e+01  5.74412158e-01  5.97860475e-01 -2.03489535e-02
  5.16838271e+02  3.00003274e+02  3.00003168e+02  2.99982373e+02
  2.99971330e+02]"
460,7.507693562492636,65.75105062834493,"[ 1.00006153e+02  1.97429108e-01  3.36350389e-01  9.79114565e-01
  9.99891788e+01  3.95536414e-01  4.15597694e-01  6.53358590e-01
  9.99757001e+01  3.56864846e-01  3.68594808e-01  6.95178006e-01
  1.00015071e+02  3.26835676e-01  3.84139529e-01  5.95393028e-01
  1.00014668e+02  3.77199386e-01  4.77939759e-01  2.14357136e-01
  9.99757385e+01  5.74386737e-01  5.97912105e-01 -2.03088451e-02
  5.16838296e+02  3.00003279e+02  3.00003148e+02  2.99982394e+02
  2.99971376e+02]"
461,7.504632057141881,15.368968644385756,"[ 1.00006151e+02  1.97405112e-01  3.36319290e-01  9.79126847e-01
  9.99891870e+01  3.95570863e-01  4.15611427e-01  6.53264010e-01
  9.99756995e+01  3.56963871e-01  3.68589952e-01  6.95068744e-01
  1.00015070e+02  3.26817834e-01  3.84122035e-01  5.95335884e-01
  1.00014666e+02  3.77150290e-01  4.77912390e-01  2.14381214e-01
  9.99757393e+01  5.74362631e-01  5.97904128e-01 -2.02842115e-02
  5.16838296e+02  3.00003281e+02  3.00003149e+02  2.99982396e+02
  2.99971375e+02]"
462,7.498884936502464,14.475782407631321,"[ 1.00006155e+02  1.97385478e-01  3.36269056e-01  9.79155872e-01
  9.99892103e+01  3.95634776e-01  4.15631325e-01  6.53056305e-01
  9.99756993e+01  3.57139563e-01  3.68563704e-01  6.94833956e-01
  1.00015061e+02  3.26799457e-01  3.84105776e-01  5.95232759e-01
  1.00014662e+02  3.77051282e-01  4.77857863e-01  2.14431573e-01
  9.99757476e+01  5.74309436e-01  5.97886499e-01 -2.02342975e-02
  5.16838296e+02  3.00003286e+02  3.00003154e+02  2.99982401e+02
  2.99971379e+02]"
463,7.487985061037643,13.646966697228935,"[ 1.00006170e+02  1.97358199e-01  3.36155419e-01  9.79225665e-01
  9.99892687e+01  3.95746985e-01  4.15679350e-01  6.52623572e-01
  9.99756696e+01  3.57403426e-01  3.68468665e-01  6.94312514e-01
  1.00014986e+02  3.26815684e-01  3.84092646e-01  5.95042270e-01
  1.00014673e+02  3.76903177e-01  4.77803867e-01  2.14546784e-01
  9.99757546e+01  5.74189296e-01  5.97833675e-01 -2.01335950e-02
  5.16838302e+02  3.00003272e+02  3.00003153e+02  2.99982393e+02
  2.99971374e+02]"
464,7.467419614440143,13.47408768190777,"[ 1.00006302e+02  1.97306718e-01  3.35931333e-01  9.79318757e-01
  9.99893483e+01  3.95891998e-01  4.15671889e-01  6.51702572e-01
  9.99755338e+01  3.57923305e-01  3.68194249e-01  6.93254652e-01
  1.00014963e+02  3.26858411e-01  3.84111358e-01  5.94817109e-01
  1.00014721e+02  3.76714600e-01  4.77768384e-01  2.14801003e-01
  9.99759095e+01  5.73952781e-01  5.97728192e-01 -2.00372005e-02
  5.16838344e+02  3.00003382e+02  3.00003227e+02  2.99982470e+02
  2.99971500e+02]"
465,7.434700963813751,16.0997100350955,"[ 1.00006654e+02  1.97294887e-01  3.35804385e-01  9.79804753e-01
  9.99895217e+01  3.96152040e-01  4.16345984e-01  6.50167693e-01
  9.99756372e+01  3.58890324e-01  3.68129922e-01  6.91611760e-01
  1.00015633e+02  3.27464484e-01  3.84381703e-01  5.94561268e-01
  1.00015169e+02  3.76456628e-01  4.78490949e-01  2.15314933e-01
  9.99759188e+01  5.73226655e-01  5.97048386e-01 -1.93898356e-02
  5.16838539e+02  3.00003912e+02  3.00002725e+02  2.99982621e+02
  2.99971554e+02]"
466,7.402360753982649,12.50423436042821,"[ 1.00008191e+02  1.97649611e-01  3.35370373e-01  9.78333564e-01
  9.99893525e+01  3.95769429e-01  4.17695752e-01  6.48367454e-01
  9.99760375e+01  3.59972386e-01  3.67261704e-01  6.89681582e-01
  1.00016291e+02  3.27149453e-01  3.85143710e-01  5.94342312e-01
  1.00012151e+02  3.75777231e-01  4.79818953e-01  2.16344395e-01
  9.99756941e+01  5.73879893e-01  5.96605956e-01 -1.75147663e-02
  5.16838638e+02  3.00004992e+02  3.00004920e+02  2.99984624e+02
  2.99971943e+02]"
467,7.363005748546061,34.60149977159772,"[ 1.00009398e+02  1.99195938e-01  3.32556570e-01  9.79386176e-01
  9.99905163e+01  3.96034837e-01  4.18541815e-01  6.47471448e-01
  9.99717859e+01  3.64371958e-01  3.64265158e-01  6.86278652e-01
  1.00019786e+02  3.27889632e-01  3.87208407e-01  5.94160077e-01
  1.00010033e+02  3.76175131e-01  4.80932258e-01  2.18097915e-01
  9.99763877e+01  5.73448782e-01  6.01015363e-01 -1.81786740e-02
  5.16840609e+02  3.00006018e+02  3.00000860e+02  2.99988011e+02
  2.99976620e+02]"
468,7.363005748546061,54.85270979564157,"[ 1.00009398e+02  1.99195938e-01  3.32556570e-01  9.79386176e-01
  9.99905163e+01  3.96034837e-01  4.18541815e-01  6.47471448e-01
  9.99717859e+01  3.64371958e-01  3.64265158e-01  6.86278652e-01
  1.00019786e+02  3.27889632e-01  3.87208407e-01  5.94160077e-01
  1.00010033e+02  3.76175131e-01  4.80932258e-01  2.18097915e-01
  9.99763877e+01  5.73448782e-01  6.01015363e-01 -1.81786740e-02
  5.16840609e+02  3.00006018e+02  3.00000860e+02  2.99988011e+02
  2.99976620e+02]"
469,7.357767493897196,60.11228655962083,"[ 1.00008798e+02  1.99322499e-01  3.32189773e-01  9.78069774e-01
  9.99905820e+01  3.96354816e-01  4.17937360e-01  6.47059851e-01
  9.99715397e+01  3.64556524e-01  3.64861547e-01  6.85803523e-01
  1.00021069e+02  3.27888306e-01  3.87674501e-01  5.94258914e-01
  1.00010021e+02  3.76315413e-01  4.81477401e-01  2.19422361e-01
  9.99769293e+01  5.73931062e-01  6.02183529e-01 -1.74408515e-02
  5.16840680e+02  3.00005565e+02  3.00001589e+02  2.99987621e+02
  2.99976957e+02]"
470,7.355662991933417,170.44743392335494,"[ 1.00009343e+02  1.99574770e-01  3.31837123e-01  9.78741752e-01
  9.99905094e+01  3.95967050e-01  4.18392302e-01  6.47270279e-01
  9.99715456e+01  3.64592205e-01  3.64480963e-01  6.85655966e-01
  1.00022090e+02  3.27852851e-01  3.87350351e-01  5.94419969e-01
  1.00008903e+02  3.75351104e-01  4.81818824e-01  2.20330047e-01
  9.99782005e+01  5.72885433e-01  6.02439631e-01 -1.83021566e-02
  5.16840968e+02  3.00006647e+02  3.00002039e+02  2.99987393e+02
  2.99976619e+02]"
471,7.330821642967803,20.347154647132253,"[ 1.00008684e+02  1.99293766e-01  3.31845473e-01  9.79184908e-01
  9.99903453e+01  3.95564277e-01  4.17605012e-01  6.46718670e-01
  9.99717070e+01  3.64438614e-01  3.63747722e-01  6.84199194e-01
  1.00021120e+02  3.28225709e-01  3.87517436e-01  5.94065766e-01
  1.00009730e+02  3.75613099e-01  4.81841871e-01  2.20951219e-01
  9.99783274e+01  5.73086177e-01  6.02300741e-01 -1.86796582e-02
  5.16841079e+02  3.00005899e+02  3.00003019e+02  2.99987925e+02
  2.99978036e+02]"
472,7.304504766459115,20.153737792207302,"[ 1.00007291e+02  1.98266550e-01  3.32908143e-01  9.77972840e-01
  9.99909212e+01  3.95538916e-01  4.16572016e-01  6.45546126e-01
  9.99731270e+01  3.63884719e-01  3.64737262e-01  6.82676160e-01
  1.00023840e+02  3.29123488e-01  3.86536233e-01  5.93811763e-01
  1.00008866e+02  3.75915763e-01  4.81491992e-01  2.22720588e-01
  9.99805492e+01  5.72659074e-01  6.03092222e-01 -1.90662873e-02
  5.16841790e+02  3.00005604e+02  3.00005043e+02  2.99985958e+02
  2.99979456e+02]"
473,7.304504766459115,116.94886434606839,"[ 1.00007291e+02  1.98266550e-01  3.32908143e-01  9.77972840e-01
  9.99909212e+01  3.95538916e-01  4.16572016e-01  6.45546126e-01
  9.99731270e+01  3.63884719e-01  3.64737262e-01  6.82676160e-01
  1.00023840e+02  3.29123488e-01  3.86536233e-01  5.93811763e-01
  1.00008866e+02  3.75915763e-01  4.81491992e-01  2.22720588e-01
  9.99805492e+01  5.72659074e-01  6.03092222e-01 -1.90662873e-02
  5.16841790e+02  3.00005604e+02  3.00005043e+02  2.99985958e+02
  2.99979456e+02]"
474,7.304504766459115,110.37507144509031,"[ 1.00007291e+02  1.98266550e-01  3.32908143e-01  9.77972840e-01
  9.99909212e+01  3.95538916e-01  4.16572016e-01  6.45546126e-01
  9.99731270e+01  3.63884719e-01  3.64737262e-01  6.82676160e-01
  1.00023840e+02  3.29123488e-01  3.86536233e-01  5.93811763e-01
  1.00008866e+02  3.75915763e-01  4.81491992e-01  2.22720588e-01
  9.99805492e+01  5.72659074e-01  6.03092222e-01 -1.90662873e-02
  5.16841790e+02  3.00005604e+02  3.00005043e+02  2.99985958e+02
  2.99979456e+02]"
475,7.299637863486797,44.78995267902797,"[ 1.00007234e+02  1.98308901e-01  3.32780855e-01  9.77818595e-01
  9.99912714e+01  3.95706843e-01  4.16405278e-01  6.45349105e-01
  9.99734054e+01  3.63881082e-01  3.64820165e-01  6.82467570e-01
  1.00023910e+02  3.29222312e-01  3.86667037e-01  5.93784407e-01
  1.00008817e+02  3.75903004e-01  4.81455230e-01  2.22859709e-01
  9.99806751e+01  5.72471853e-01  6.02936607e-01 -1.87147378e-02
  5.16841723e+02  3.00005618e+02  3.00005058e+02  2.99986143e+02
  2.99979446e+02]"
476,7.285748539425816,14.773469809054507,"[ 1.00006749e+02  1.97977769e-01  3.32556749e-01  9.77485899e-01
  9.99910975e+01  3.95574552e-01  4.16341322e-01  6.44742402e-01
  9.99733521e+01  3.64202273e-01  3.65018422e-01  6.81742181e-01
  1.00023472e+02  3.29218536e-01  3.86604067e-01  5.93507582e-01
  1.00008879e+02  3.75949171e-01  4.81148979e-01  2.22807191e-01
  9.99808666e+01  5.72136761e-01  6.02806800e-01 -1.81731568e-02
  5.16841981e+02  3.00005363e+02  3.00005271e+02  2.99986366e+02
  2.99979727e+02]"
477,7.266023768402049,13.825438657442245,"[ 1.00006456e+02  1.98213818e-01  3.32073359e-01  9.77565038e-01
  9.99913873e+01  3.95535201e-01  4.16473149e-01  6.43996740e-01
  9.99740268e+01  3.63816745e-01  3.65755849e-01  6.80398876e-01
  1.00022751e+02  3.29377507e-01  3.86646593e-01  5.93087970e-01
  1.00009936e+02  3.75922940e-01  4.80755614e-01  2.22965317e-01
  9.99812446e+01  5.71725779e-01  6.01939652e-01 -1.72374322e-02
  5.16841471e+02  3.00006352e+02  3.00004593e+02  2.99987503e+02
  2.99979679e+02]"
478,7.251556120950936,24.899778680548835,"[ 1.00004787e+02  1.97954672e-01  3.33741414e-01  9.76317324e-01
  9.99914129e+01  3.96597587e-01  4.16003821e-01  6.43578063e-01
  9.99759835e+01  3.64095051e-01  3.67540747e-01  6.78922344e-01
  1.00021801e+02  3.30529694e-01  3.85542413e-01  5.93378991e-01
  1.00011236e+02  3.76829755e-01  4.79147871e-01  2.23235076e-01
  9.99818316e+01  5.71586314e-01  5.98852010e-01 -1.63515526e-02
  5.16841801e+02  3.00007631e+02  3.00006655e+02  2.99986931e+02
  2.99979973e+02]"
479,7.235021979126702,168.63109384499745,"[ 1.00002757e+02  1.97396410e-01  3.32532771e-01  9.75803754e-01
  9.99927211e+01  3.96409399e-01  4.15162511e-01  6.41134397e-01
  9.99773987e+01  3.62458092e-01  3.68955641e-01  6.78495786e-01
  1.00022811e+02  3.30477553e-01  3.86443714e-01  5.91793930e-01
  1.00011256e+02  3.78535592e-01  4.77493646e-01  2.22113894e-01
  9.99821803e+01  5.71562768e-01  5.97903598e-01 -1.59598571e-02
  5.16840669e+02  3.00006486e+02  3.00005936e+02  2.99985661e+02
  2.99982250e+02]"
480,7.235021979126702,237.3668826351094,"[ 1.00002757e+02  1.97396410e-01  3.32532771e-01  9.75803754e-01
  9.99927211e+01  3.96409399e-01  4.15162511e-01  6.41134397e-01
  9.99773987e+01  3.62458092e-01  3.68955641e-01  6.78495786e-01
  1.00022811e+02  3.30477553e-01  3.86443714e-01  5.91793930e-01
  1.00011256e+02  3.78535592e-01  4.77493646e-01  2.22113894e-01
  9.99821803e+01  5.71562768e-01  5.97903598e-01 -1.59598571e-02
  5.16840669e+02  3.00006486e+02  3.00005936e+02  2.99985661e+02
  2.99982250e+02]"
481,7.229073932103013,178.74792642587548,"[ 1.00002692e+02  1.97297960e-01  3.32626309e-01  9.76498641e-01
  9.99928822e+01  3.96234117e-01  4.15808878e-01  6.40753162e-01
  9.99772862e+01  3.62477110e-01  3.68577434e-01  6.78587257e-01
  1.00022338e+02  3.30338948e-01  3.86028616e-01  5.91449920e-01
  1.00011130e+02  3.78264022e-01  4.77481027e-01  2.21741878e-01
  9.99818357e+01  5.71855393e-01  5.97515170e-01 -1.60653798e-02
  5.16840506e+02  3.00006253e+02  3.00006000e+02  2.99985187e+02
  2.99982153e+02]"
482,7.229073932103013,73.12886310644458,"[ 1.00002692e+02  1.97297960e-01  3.32626309e-01  9.76498641e-01
  9.99928822e+01  3.96234117e-01  4.15808878e-01  6.40753162e-01
  9.99772862e+01  3.62477110e-01  3.68577434e-01  6.78587257e-01
  1.00022338e+02  3.30338948e-01  3.86028616e-01  5.91449920e-01
  1.00011130e+02  3.78264022e-01  4.77481027e-01  2.21741878e-01
  9.99818357e+01  5.71855393e-01  5.97515170e-01 -1.60653798e-02
  5.16840506e+02  3.00006253e+02  3.00006000e+02  2.99985187e+02
  2.99982153e+02]"
483,7.226469689530433,34.41427463716588,"[ 1.00002681e+02  1.97279390e-01  3.32507240e-01  9.76483773e-01
  9.99928393e+01  3.96165968e-01  4.15923166e-01  6.40637791e-01
  9.99773037e+01  3.62560994e-01  3.68669415e-01  6.78506420e-01
  1.00022194e+02  3.30187744e-01  3.86052346e-01  5.91418791e-01
  1.00011228e+02  3.78222139e-01  4.77462341e-01  2.21754130e-01
  9.99817591e+01  5.71842686e-01  5.97674842e-01 -1.60182270e-02
  5.16840527e+02  3.00006247e+02  3.00006064e+02  2.99985254e+02
  2.99982190e+02]"
484,7.226400805379572,32.61897113316149,"[ 1.00002532e+02  1.97303260e-01  3.32408199e-01  9.76578384e-01
  9.99931248e+01  3.96171551e-01  4.16168416e-01  6.40474954e-01
  9.99772643e+01  3.62832117e-01  3.68626046e-01  6.78580035e-01
  1.00022220e+02  3.30340509e-01  3.86171780e-01  5.91359700e-01
  1.00011032e+02  3.78439319e-01  4.77746123e-01  2.21642691e-01
  9.99818303e+01  5.71701018e-01  5.97897035e-01 -1.60124010e-02
  5.16840721e+02  3.00006084e+02  3.00006204e+02  2.99985233e+02
  2.99982302e+02]"
485,7.223749360982878,34.062651235801724,"[ 1.00002925e+02  1.97245752e-01  3.32411841e-01  9.76645919e-01
  9.99932368e+01  3.96010694e-01  4.16127625e-01  6.40346389e-01
  9.99771119e+01  3.62618224e-01  3.68478887e-01  6.78307181e-01
  1.00022176e+02  3.30371937e-01  3.86028352e-01  5.91143398e-01
  1.00011126e+02  3.78542596e-01  4.77640087e-01  2.21558882e-01
  9.99817895e+01  5.71598280e-01  5.98067728e-01 -1.61497831e-02
  5.16840662e+02  3.00005889e+02  3.00006407e+02  2.99985387e+02
  2.99982463e+02]"
486,7.212696569083928,14.046304628665427,"[ 1.00002919e+02  1.97266232e-01  3.32358902e-01  9.76707005e-01
  9.99932860e+01  3.96181733e-01  4.16109807e-01  6.39955438e-01
  9.99771063e+01  3.62846853e-01  3.68397434e-01  6.77813001e-01
  1.00022168e+02  3.30273684e-01  3.85945923e-01  5.90901746e-01
  1.00011120e+02  3.78288900e-01  4.77510173e-01  2.21654985e-01
  9.99817996e+01  5.71515377e-01  5.98042413e-01 -1.60247617e-02
  5.16840651e+02  3.00005904e+02  3.00006402e+02  2.99985396e+02
  2.99982455e+02]"
487,7.195590876244305,15.92467587886023,"[ 1.00002939e+02  1.97178863e-01  3.32107329e-01  9.76701241e-01
  9.99934404e+01  3.96539048e-01  4.15642390e-01  6.39109328e-01
  9.99768498e+01  3.63103807e-01  3.68276142e-01  6.77003550e-01
  1.00022563e+02  3.30150668e-01  3.85947182e-01  5.90553420e-01
  1.00011270e+02  3.78146157e-01  4.77195051e-01  2.21781247e-01
  9.99817430e+01  5.71207482e-01  5.97958273e-01 -1.59757311e-02
  5.16840705e+02  3.00006033e+02  3.00006712e+02  2.99985114e+02
  2.99982299e+02]"
488,7.1783699120295825,18.10742242041044,"[ 1.00002624e+02  1.97051803e-01  3.32133023e-01  9.77467702e-01
  9.99939620e+01  3.96447163e-01  4.15732972e-01  6.38737819e-01
  9.99763587e+01  3.63418371e-01  3.67553226e-01  6.76013426e-01
  1.00022667e+02  3.30274468e-01  3.84751466e-01  5.89716914e-01
  1.00011981e+02  3.77985495e-01  4.76157302e-01  2.21996460e-01
  9.99823755e+01  5.70706780e-01  5.98926182e-01 -1.60866239e-02
  5.16841307e+02  3.00005254e+02  3.00007241e+02  2.99984021e+02
  2.99981955e+02]"
489,7.16023801345555,31.084788142359802,"[ 1.00002083e+02  1.96573357e-01  3.31536527e-01  9.77035212e-01
  9.99953847e+01  3.96376563e-01  4.14996611e-01  6.36797986e-01
  9.99752318e+01  3.63370744e-01  3.66297974e-01  6.75752342e-01
  1.00023345e+02  3.30479943e-01  3.84942488e-01  5.88202520e-01
  1.00010586e+02  3.79058044e-01  4.75012841e-01  2.21239838e-01
  9.99821440e+01  5.70973926e-01  6.00410228e-01 -1.66574262e-02
  5.16840089e+02  3.00002172e+02  3.00007310e+02  2.99981358e+02
  2.99984174e+02]"
490,7.143843005364644,101.348875847992,"[ 1.00002147e+02  1.96270271e-01  3.31184625e-01  9.77435403e-01
  9.99998508e+01  3.96268559e-01  4.13917103e-01  6.36560097e-01
  9.99755608e+01  3.63639210e-01  3.65350250e-01  6.74852737e-01
  1.00021541e+02  3.30006374e-01  3.85755454e-01  5.88811890e-01
  1.00010867e+02  3.79723695e-01  4.73681373e-01  2.23767040e-01
  9.99816698e+01  5.70887692e-01  6.00079599e-01 -1.50861234e-02
  5.16840181e+02  3.00000522e+02  3.00007932e+02  2.99982130e+02
  2.99983389e+02]"
491,7.10174083015956,17.17458365119375,"[ 1.00002979e+02  1.96831798e-01  3.30734165e-01  9.76912924e-01
  9.99994774e+01  3.96024207e-01  4.15138069e-01  6.35953301e-01
  9.99753348e+01  3.64120191e-01  3.66281156e-01  6.71937705e-01
  1.00020510e+02  3.30372749e-01  3.85326504e-01  5.87535733e-01
  1.00012771e+02  3.79450261e-01  4.71503567e-01  2.25973497e-01
  9.99827388e+01  5.70643545e-01  5.98410942e-01 -1.33571132e-02
  5.16840241e+02  3.00000357e+02  3.00008022e+02  2.99984716e+02
  2.99984145e+02]"
492,7.10174083015956,66.81164885469282,"[ 1.00002979e+02  1.96831798e-01  3.30734165e-01  9.76912924e-01
  9.99994774e+01  3.96024207e-01  4.15138069e-01  6.35953301e-01
  9.99753348e+01  3.64120191e-01  3.66281156e-01  6.71937705e-01
  1.00020510e+02  3.30372749e-01  3.85326504e-01  5.87535733e-01
  1.00012771e+02  3.79450261e-01  4.71503567e-01  2.25973497e-01
  9.99827388e+01  5.70643545e-01  5.98410942e-01 -1.33571132e-02
  5.16840241e+02  3.00000357e+02  3.00008022e+02  2.99984716e+02
  2.99984145e+02]"
493,7.092133321734156,113.80873940736666,"[ 1.00003243e+02  1.96487377e-01  3.30959835e-01  9.76407079e-01
  9.99995105e+01  3.95838391e-01  4.14899282e-01  6.34873880e-01
  9.99759144e+01  3.63522097e-01  3.66601358e-01  6.71559073e-01
  1.00020516e+02  3.30132875e-01  3.85456329e-01  5.87352639e-01
  1.00012558e+02  3.79882406e-01  4.71654895e-01  2.24928657e-01
  9.99822381e+01  5.69732180e-01  5.98141034e-01 -1.14373176e-02
  5.16840556e+02  3.00000698e+02  3.00007763e+02  2.99985459e+02
  2.99985205e+02]"
494,7.092133321734156,168.15582325146323,"[ 1.00003243e+02  1.96487377e-01  3.30959835e-01  9.76407079e-01
  9.99995105e+01  3.95838391e-01  4.14899282e-01  6.34873880e-01
  9.99759144e+01  3.63522097e-01  3.66601358e-01  6.71559073e-01
  1.00020516e+02  3.30132875e-01  3.85456329e-01  5.87352639e-01
  1.00012558e+02  3.79882406e-01  4.71654895e-01  2.24928657e-01
  9.99822381e+01  5.69732180e-01  5.98141034e-01 -1.14373176e-02
  5.16840556e+02  3.00000698e+02  3.00007763e+02  2.99985459e+02
  2.99985205e+02]"
495,7.090109098467124,108.69179783963864,"[ 1.00003156e+02  1.96699310e-01  3.30952626e-01  9.76641676e-01
  9.99995987e+01  3.95956846e-01  4.15125616e-01  6.34713593e-01
  9.99760693e+01  3.63822964e-01  3.66591043e-01  6.71456490e-01
  1.00020288e+02  3.29856987e-01  3.85361652e-01  5.87555771e-01
  1.00012653e+02  3.79614348e-01  4.71557017e-01  2.24767802e-01
  9.99822592e+01  5.69684068e-01  5.97982155e-01 -1.14761180e-02
  5.16840580e+02  3.00000769e+02  3.00007752e+02  2.99985573e+02
  2.99985304e+02]"
496,7.0795386519995045,16.700843195969867,"[ 1.00003166e+02  1.96467928e-01  3.30761665e-01  9.76637628e-01
  9.99996486e+01  3.95925630e-01  4.15033375e-01  6.34307689e-01
  9.99760551e+01  3.64039614e-01  3.66571946e-01  6.70956912e-01
  1.00020283e+02  3.29943537e-01  3.85334426e-01  5.87336090e-01
  1.00012666e+02  3.79499565e-01  4.71515356e-01  2.24888663e-01
  9.99822709e+01  5.69559164e-01  5.97891320e-01 -1.13799780e-02
  5.16840568e+02  3.00000759e+02  3.00007747e+02  2.99985550e+02
  2.99985300e+02]"
497,7.064017395513306,14.140574734481264,"[ 1.00003078e+02  1.96423220e-01  3.30272922e-01  9.76892641e-01
  9.99997040e+01  3.95990731e-01  4.14933457e-01  6.33558316e-01
  9.99755553e+01  3.64434910e-01  3.66469114e-01  6.70113140e-01
  1.00020251e+02  3.30164433e-01  3.85331440e-01  5.86998565e-01
  1.00012784e+02  3.79388344e-01  4.71477144e-01  2.25232091e-01
  9.99823061e+01  5.69481960e-01  5.97546304e-01 -1.15219850e-02
  5.16840327e+02  3.00000702e+02  3.00007895e+02  2.99985337e+02
  2.99984939e+02]"
498,7.04937476163259,22.72623488337553,"[ 1.00003642e+02  1.95982794e-01  3.30381066e-01  9.77132366e-01
  9.99997847e+01  3.96350703e-01  4.14837493e-01  6.32098874e-01
  9.99761626e+01  3.65580130e-01  3.65633985e-01  6.69340478e-01
  1.00020535e+02  3.30504529e-01  3.85712469e-01  5.87261074e-01
  1.00013002e+02  3.79633057e-01  4.72071883e-01  2.24853436e-01
  9.99809537e+01  5.69330270e-01  5.97825791e-01 -1.23060107e-02
  5.16840982e+02  3.00000395e+02  3.00007599e+02  2.99984738e+02
  2.99985704e+02]"
499,7.033589697914651,35.49724741347132,"[ 1.00005790e+02  1.96295432e-01  3.29652040e-01  9.77957761e-01
  9.99982226e+01  3.97347338e-01  4.13469635e-01  6.32115249e-01
  9.99768752e+01  3.66897629e-01  3.64735768e-01  6.67527648e-01
  1.00020629e+02  3.31252362e-01  3.84812427e-01  5.87321069e-01
  1.00013547e+02  3.79697016e-01  4.71370736e-01  2.25539317e-01
  9.99799258e+01  5.67732830e-01  6.01247637e-01 -1.22510959e-02
  5.16841337e+02  2.99998762e+02  3.00005370e+02  2.99984143e+02
  2.99986070e+02]"
500,7.033589697914651,170.39499955593735,"[ 1.00005790e+02  1.96295432e-01  3.29652040e-01  9.77957761e-01
  9.99982226e+01  3.97347338e-01  4.13469635e-01  6.32115249e-01
  9.99768752e+01  3.66897629e-01  3.64735768e-01  6.67527648e-01
  1.00020629e+02  3.31252362e-01  3.84812427e-01  5.87321069e-01
  1.00013547e+02  3.79697016e-01  4.71370736e-01  2.25539317e-01
  9.99799258e+01  5.67732830e-01  6.01247637e-01 -1.22510959e-02
  5.16841337e+02  2.99998762e+02  3.00005370e+02  2.99984143e+02
  2.99986070e+02]"
501,7.0305757549604015,53.627006781891744,"[ 1.00005873e+02  1.95774512e-01  3.30285746e-01  9.77873192e-01
  9.99976589e+01  3.97582913e-01  4.13170822e-01  6.32040414e-01
  9.99769964e+01  3.67221449e-01  3.64679933e-01  6.67301903e-01
  1.00020921e+02  3.31565443e-01  3.84675247e-01  5.87103635e-01
  1.00013345e+02  3.79984687e-01  4.71515868e-01  2.25178663e-01
  9.99802081e+01  5.67316717e-01  6.01342147e-01 -1.16995166e-02
  5.16841407e+02  2.99998824e+02  3.00005031e+02  2.99983971e+02
  2.99985665e+02]"
502,7.026039149300921,37.26998397873172,"[ 1.00006069e+02  1.95527995e-01  3.29907629e-01  9.78234106e-01
  9.99975972e+01  3.97227438e-01  4.12919704e-01  6.32333017e-01
  9.99769437e+01  3.67307391e-01  3.64740466e-01  6.66706671e-01
  1.00021125e+02  3.32017827e-01  3.84402591e-01  5.86802409e-01
  1.00013188e+02  3.79963016e-01  4.71608982e-01  2.25597470e-01
  9.99801914e+01  5.67342922e-01  6.01419901e-01 -1.21992224e-02
  5.16840993e+02  2.99998183e+02  3.00004855e+02  2.99983534e+02
  2.99985472e+02]"
503,7.025850314838806,56.24324889971983,"[ 1.00006336e+02  1.95433903e-01  3.30049788e-01  9.77910099e-01
  9.99971785e+01  3.97309713e-01  4.12797379e-01  6.32273182e-01
  9.99772604e+01  3.67283656e-01  3.64728751e-01  6.66641025e-01
  1.00021513e+02  3.32064066e-01  3.84795235e-01  5.86778048e-01
  1.00013278e+02  3.80249454e-01  4.71202216e-01  2.26521604e-01
  9.99800860e+01  5.67575969e-01  6.01975327e-01 -1.25187307e-02
  5.16841419e+02  2.99998176e+02  3.00004468e+02  2.99983517e+02
  2.99985475e+02]"
504,7.016609935855324,49.69401677644586,"[ 1.00006647e+02  1.95743344e-01  3.29860039e-01  9.77752926e-01
  9.99971068e+01  3.96818049e-01  4.13377866e-01  6.31904081e-01
  9.99773586e+01  3.67454438e-01  3.64071519e-01  6.66248456e-01
  1.00021634e+02  3.32176833e-01  3.84377132e-01  5.86558486e-01
  1.00012835e+02  3.80338053e-01  4.71437839e-01  2.26368424e-01
  9.99800363e+01  5.67543114e-01  6.02354189e-01 -1.26443069e-02
  5.16841877e+02  2.99997958e+02  3.00004343e+02  2.99983477e+02
  2.99985885e+02]"
505,7.016609935855324,140.54988142362134,"[ 1.00006647e+02  1.95743344e-01  3.29860039e-01  9.77752926e-01
  9.99971068e+01  3.96818049e-01  4.13377866e-01  6.31904081e-01
  9.99773586e+01  3.67454438e-01  3.64071519e-01  6.66248456e-01
  1.00021634e+02  3.32176833e-01  3.84377132e-01  5.86558486e-01
  1.00012835e+02  3.80338053e-01  4.71437839e-01  2.26368424e-01
  9.99800363e+01  5.67543114e-01  6.02354189e-01 -1.26443069e-02
  5.16841877e+02  2.99997958e+02  3.00004343e+02  2.99983477e+02
  2.99985885e+02]"
506,7.0135371409345355,36.88839600513653,"[ 1.00006793e+02  1.95646817e-01  3.30043964e-01  9.77758290e-01
  9.99970896e+01  3.96737407e-01  4.13424559e-01  6.31779092e-01
  9.99772707e+01  3.67320468e-01  3.63988251e-01  6.66054552e-01
  1.00021914e+02  3.32032335e-01  3.84338448e-01  5.86494455e-01
  1.00012895e+02  3.80133049e-01  4.71852243e-01  2.26538180e-01
  9.99798756e+01  5.67793649e-01  6.02121854e-01 -1.25992750e-02
  5.16841861e+02  2.99998089e+02  3.00004317e+02  2.99983375e+02
  2.99985855e+02]"
507,7.007848913331305,37.04492844975819,"[ 1.00007108e+02  1.95844731e-01  3.29833192e-01  9.77551534e-01
  9.99974753e+01  3.96692625e-01  4.12964505e-01  6.32009453e-01
  9.99774672e+01  3.67506771e-01  3.63911201e-01  6.65537672e-01
  1.00022203e+02  3.32050736e-01  3.84374952e-01  5.86575370e-01
  1.00013428e+02  3.80202142e-01  4.72155026e-01  2.26741182e-01
  9.99795762e+01  5.67376203e-01  6.02250805e-01 -1.17381014e-02
  5.16841937e+02  2.99997818e+02  3.00004297e+02  2.99983183e+02
  2.99986167e+02]"
508,7.007848913331305,63.618058339033546,"[ 1.00007108e+02  1.95844731e-01  3.29833192e-01  9.77551534e-01
  9.99974753e+01  3.96692625e-01  4.12964505e-01  6.32009453e-01
  9.99774672e+01  3.67506771e-01  3.63911201e-01  6.65537672e-01
  1.00022203e+02  3.32050736e-01  3.84374952e-01  5.86575370e-01
  1.00013428e+02  3.80202142e-01  4.72155026e-01  2.26741182e-01
  9.99795762e+01  5.67376203e-01  6.02250805e-01 -1.17381014e-02
  5.16841937e+02  2.99997818e+02  3.00004297e+02  2.99983183e+02
  2.99986167e+02]"
509,7.006482647357483,24.182612271332207,"[ 1.00007118e+02  1.95812907e-01  3.29733752e-01  9.77711410e-01
  9.99975173e+01  3.96673486e-01  4.12964373e-01  6.31852448e-01
  9.99774539e+01  3.67399417e-01  3.63917456e-01  6.65456729e-01
  1.00022353e+02  3.32007140e-01  3.84334444e-01  5.86607020e-01
  1.00013599e+02  3.80290733e-01  4.72187131e-01  2.26669167e-01
  9.99795128e+01  5.67321411e-01  6.02201211e-01 -1.17610855e-02
  5.16841933e+02  2.99997902e+02  3.00004266e+02  2.99983167e+02
  2.99986145e+02]"
510,7.001908136317193,19.935823062647593,"[ 1.00007212e+02  1.95560994e-01  3.29823456e-01  9.77837767e-01
  9.99975598e+01  3.96689707e-01  4.12902736e-01  6.31588051e-01
  9.99774211e+01  3.67485558e-01  3.63914481e-01  6.65221320e-01
  1.00022503e+02  3.31911160e-01  3.84202814e-01  5.86689139e-01
  1.00013696e+02  3.80020634e-01  4.72189672e-01  2.26709123e-01
  9.99796827e+01  5.67208677e-01  6.01932605e-01 -1.16025524e-02
  5.16842035e+02  2.99997561e+02  3.00004145e+02  2.99983289e+02
  2.99986262e+02]"
511,6.98626947920642,12.25202332858478,"[ 1.00007415e+02  1.95442465e-01  3.29605181e-01  9.77866379e-01
  9.99977961e+01  3.96592169e-01  4.12596065e-01  6.31103952e-01
  9.99778435e+01  3.67579159e-01  3.63876863e-01  6.64112302e-01
  1.00022313e+02  3.32071347e-01  3.84221952e-01  5.86141577e-01
  1.00013493e+02  3.79815855e-01  4.72148649e-01  2.26802075e-01
  9.99796427e+01  5.66867680e-01  6.01725020e-01 -1.17608021e-02
  5.16842071e+02  2.99997748e+02  3.00003956e+02  2.99983507e+02
  2.99986017e+02]"
512,6.971606047713788,15.519582349124086,"[ 1.00007955e+02  1.95686515e-01  3.28510690e-01  9.78586270e-01
  9.99984943e+01  3.96654106e-01  4.12293493e-01  6.30965796e-01
  9.99786141e+01  3.67635173e-01  3.64361016e-01  6.63038505e-01
  1.00022634e+02  3.31966277e-01  3.84361837e-01  5.85515356e-01
  1.00013927e+02  3.79532636e-01  4.71845283e-01  2.26774200e-01
  9.99794798e+01  5.66215810e-01  6.00918938e-01 -1.18594199e-02
  5.16841098e+02  2.99998395e+02  3.00002955e+02  2.99984868e+02
  2.99985742e+02]"
513,6.960458111629456,60.53878664159995,"[ 1.00008349e+02  1.95572634e-01  3.27632716e-01  9.78000373e-01
  9.99986067e+01  3.94752098e-01  4.13385871e-01  6.30511084e-01
  9.99783997e+01  3.65496914e-01  3.66772194e-01  6.61877681e-01
  1.00023964e+02  3.32806960e-01  3.84709626e-01  5.84091872e-01
  1.00015160e+02  3.80236310e-01  4.71271569e-01  2.28491500e-01
  9.99804930e+01  5.65857298e-01  5.98125568e-01 -9.82587043e-03
  5.16841277e+02  2.99997095e+02  3.00003475e+02  2.99985547e+02
  2.99986221e+02]"
514,6.960458111629456,123.00431059987895,"[ 1.00008349e+02  1.95572634e-01  3.27632716e-01  9.78000373e-01
  9.99986067e+01  3.94752098e-01  4.13385871e-01  6.30511084e-01
  9.99783997e+01  3.65496914e-01  3.66772194e-01  6.61877681e-01
  1.00023964e+02  3.32806960e-01  3.84709626e-01  5.84091872e-01
  1.00015160e+02  3.80236310e-01  4.71271569e-01  2.28491500e-01
  9.99804930e+01  5.65857298e-01  5.98125568e-01 -9.82587043e-03
  5.16841277e+02  2.99997095e+02  3.00003475e+02  2.99985547e+02
  2.99986221e+02]"
515,6.960458111629456,246.06120216813207,"[ 1.00008349e+02  1.95572634e-01  3.27632716e-01  9.78000373e-01
  9.99986067e+01  3.94752098e-01  4.13385871e-01  6.30511084e-01
  9.99783997e+01  3.65496914e-01  3.66772194e-01  6.61877681e-01
  1.00023964e+02  3.32806960e-01  3.84709626e-01  5.84091872e-01
  1.00015160e+02  3.80236310e-01  4.71271569e-01  2.28491500e-01
  9.99804930e+01  5.65857298e-01  5.98125568e-01 -9.82587043e-03
  5.16841277e+02  2.99997095e+02  3.00003475e+02  2.99985547e+02
  2.99986221e+02]"
516,6.957491986045917,24.05162590024642,"[ 1.00008329e+02  1.95653011e-01  3.27545949e-01  9.78096152e-01
  9.99986493e+01  3.94993503e-01  4.13307538e-01  6.30453085e-01
  9.99784388e+01  3.65709980e-01  3.66736516e-01  6.61867170e-01
  1.00023976e+02  3.32757876e-01  3.84772916e-01  5.84140740e-01
  1.00015160e+02  3.80214569e-01  4.71349984e-01  2.28518060e-01
  9.99804780e+01  5.65771948e-01  5.98123569e-01 -9.76338223e-03
  5.16841292e+02  2.99997107e+02  3.00003446e+02  2.99985571e+02
  2.99986211e+02]"
517,6.947984503251845,16.2683426480639,"[ 1.00008226e+02  1.95536639e-01  3.27647831e-01  9.78227720e-01
  9.99987332e+01  3.95151337e-01  4.13191375e-01  6.30028045e-01
  9.99785414e+01  3.65911355e-01  3.66602330e-01  6.61438663e-01
  1.00024036e+02  3.32586539e-01  3.84598396e-01  5.84113218e-01
  1.00015191e+02  3.80012869e-01  4.71235904e-01  2.28494667e-01
  9.99804341e+01  5.65647832e-01  5.98183425e-01 -9.70666247e-03
  5.16841305e+02  2.99997118e+02  3.00003384e+02  2.99985566e+02
  2.99986135e+02]"
518,6.93194660342633,13.374294605120143,"[ 1.00008304e+02  1.95363868e-01  3.27442264e-01  9.78517656e-01
  9.99989544e+01  3.95377470e-01  4.12955822e-01  6.29195849e-01
  9.99788652e+01  3.66231933e-01  3.66447240e-01  6.60696656e-01
  1.00024202e+02  3.32433720e-01  3.84564744e-01  5.84156305e-01
  1.00015088e+02  3.79538077e-01  4.71097831e-01  2.29105400e-01
  9.99806231e+01  5.65588554e-01  5.98091647e-01 -9.48110878e-03
  5.16841646e+02  2.99997199e+02  3.00003292e+02  2.99985490e+02
  2.99985972e+02]"
519,6.915721047233999,37.15687681837697,"[ 1.00008495e+02  1.95491246e-01  3.27726578e-01  9.78072619e-01
  9.99994127e+01  3.95109339e-01  4.13854987e-01  6.28980627e-01
  9.99792976e+01  3.66689767e-01  3.66694287e-01  6.59545507e-01
  1.00024419e+02  3.32985180e-01  3.84282772e-01  5.83282027e-01
  1.00014321e+02  3.79228059e-01  4.71924954e-01  2.29038945e-01
  9.99809880e+01  5.64998462e-01  5.96927667e-01 -8.02920491e-03
  5.16841799e+02  2.99996521e+02  3.00003317e+02  2.99986305e+02
  2.99985780e+02]"
520,6.9117994436838925,61.43990842962094,"[ 1.00007793e+02  1.96010126e-01  3.27537200e-01  9.79335528e-01
  9.99986352e+01  3.95009453e-01  4.15028497e-01  6.29691133e-01
  9.99785498e+01  3.65916449e-01  3.69102376e-01  6.58870852e-01
  1.00024934e+02  3.33056880e-01  3.83968796e-01  5.83181884e-01
  1.00015803e+02  3.79142262e-01  4.69658910e-01  2.30447949e-01
  9.99814452e+01  5.64570186e-01  5.94946664e-01 -5.66354358e-03
  5.16839424e+02  2.99996665e+02  3.00003914e+02  2.99987256e+02
  2.99983556e+02]"
521,6.886026814512882,17.187291670369326,"[ 1.00008215e+02  1.95882404e-01  3.26869845e-01  9.78054726e-01
  9.99995017e+01  3.95873420e-01  4.12654942e-01  6.27710173e-01
  9.99782546e+01  3.66279023e-01  3.67274348e-01  6.57505971e-01
  1.00023682e+02  3.32878159e-01  3.82742034e-01  5.84885845e-01
  1.00015736e+02  3.78755352e-01  4.71691597e-01  2.29876135e-01
  9.99832770e+01  5.64262601e-01  5.94291954e-01 -5.07313988e-03
  5.16841398e+02  2.99996816e+02  3.00004835e+02  2.99989582e+02
  2.99983598e+02]"
522,6.886026814512882,112.6541004892883,"[ 1.00008215e+02  1.95882404e-01  3.26869845e-01  9.78054726e-01
  9.99995017e+01  3.95873420e-01  4.12654942e-01  6.27710173e-01
  9.99782546e+01  3.66279023e-01  3.67274348e-01  6.57505971e-01
  1.00023682e+02  3.32878159e-01  3.82742034e-01  5.84885845e-01
  1.00015736e+02  3.78755352e-01  4.71691597e-01  2.29876135e-01
  9.99832770e+01  5.64262601e-01  5.94291954e-01 -5.07313988e-03
  5.16841398e+02  2.99996816e+02  3.00004835e+02  2.99989582e+02
  2.99983598e+02]"
523,6.886026814512882,115.93248409452646,"[ 1.00008215e+02  1.95882404e-01  3.26869845e-01  9.78054726e-01
  9.99995017e+01  3.95873420e-01  4.12654942e-01  6.27710173e-01
  9.99782546e+01  3.66279023e-01  3.67274348e-01  6.57505971e-01
  1.00023682e+02  3.32878159e-01  3.82742034e-01  5.84885845e-01
  1.00015736e+02  3.78755352e-01  4.71691597e-01  2.29876135e-01
  9.99832770e+01  5.64262601e-01  5.94291954e-01 -5.07313988e-03
  5.16841398e+02  2.99996816e+02  3.00004835e+02  2.99989582e+02
  2.99983598e+02]"
524,6.88345469552636,137.82433984325436,"[ 1.00008254e+02  1.95727033e-01  3.26698364e-01  9.78278152e-01
  9.99996621e+01  3.95793358e-01  4.12462831e-01  6.27876771e-01
  9.99783185e+01  3.66410269e-01  3.67338043e-01  6.57340789e-01
  1.00023637e+02  3.33081579e-01  3.82655828e-01  5.84983221e-01
  1.00015686e+02  3.78589823e-01  4.71726771e-01  2.29936273e-01
  9.99833074e+01  5.64147944e-01  5.94160841e-01 -5.42666344e-03
  5.16841148e+02  2.99996537e+02  3.00004705e+02  2.99989660e+02
  2.99983720e+02]"
525,6.88345469552636,128.10581381701616,"[ 1.00008254e+02  1.95727033e-01  3.26698364e-01  9.78278152e-01
  9.99996621e+01  3.95793358e-01  4.12462831e-01  6.27876771e-01
  9.99783185e+01  3.66410269e-01  3.67338043e-01  6.57340789e-01
  1.00023637e+02  3.33081579e-01  3.82655828e-01  5.84983221e-01
  1.00015686e+02  3.78589823e-01  4.71726771e-01  2.29936273e-01
  9.99833074e+01  5.64147944e-01  5.94160841e-01 -5.42666344e-03
  5.16841148e+02  2.99996537e+02  3.00004705e+02  2.99989660e+02
  2.99983720e+02]"
526,6.881145257324174,12.570324052078186,"[ 1.00008232e+02  1.95667701e-01  3.26671900e-01  9.78268397e-01
  9.99996754e+01  3.95819103e-01  4.12455944e-01  6.27808595e-01
  9.99783297e+01  3.66476775e-01  3.67326684e-01  6.57229525e-01
  1.00023627e+02  3.33096159e-01  3.82658634e-01  5.84918343e-01
  1.00015646e+02  3.78527705e-01  4.71691081e-01  2.29968668e-01
  9.99833091e+01  5.64115785e-01  5.94157674e-01 -5.39627963e-03
  5.16841148e+02  2.99996535e+02  3.00004702e+02  2.99989639e+02
  2.99983697e+02]"
527,6.876823412352101,11.774027722418237,"[ 1.00008196e+02  1.95640643e-01  3.26580059e-01  9.78315448e-01
  9.99996793e+01  3.95820724e-01  4.12482497e-01  6.27624061e-01
  9.99783374e+01  3.66610355e-01  3.67288272e-01  6.56998436e-01
  1.00023609e+02  3.33119832e-01  3.82655061e-01  5.84783054e-01
  1.00015614e+02  3.78435001e-01  4.71632116e-01  2.30035926e-01
  9.99833173e+01  5.64031287e-01  5.94135264e-01 -5.37231022e-03
  5.16841199e+02  2.99996529e+02  3.00004717e+02  2.99989635e+02
  2.99983644e+02]"
528,6.87032943951029,13.4554099635647,"[ 1.00008065e+02  1.95521308e-01  3.26660707e-01  9.78432857e-01
  9.99996218e+01  3.95843034e-01  4.12386866e-01  6.27437734e-01
  9.99782886e+01  3.66835197e-01  3.67260662e-01  6.56446252e-01
  1.00023534e+02  3.33239405e-01  3.82782022e-01  5.84672313e-01
  1.00015511e+02  3.78480902e-01  4.71593040e-01  2.30231800e-01
  9.99831861e+01  5.64000562e-01  5.94113565e-01 -5.29216969e-03
  5.16841183e+02  2.99996600e+02  3.00004755e+02  2.99989377e+02
  2.99983479e+02]"
529,6.86137824395575,13.694614669783503,"[ 1.00008042e+02  1.95611779e-01  3.26493178e-01  9.78745606e-01
  9.99997339e+01  3.95885501e-01  4.12453438e-01  6.27314919e-01
  9.99782917e+01  3.67356562e-01  3.66793470e-01  6.55905194e-01
  1.00023350e+02  3.33144931e-01  3.82960641e-01  5.84017078e-01
  1.00014894e+02  3.78298011e-01  4.71129483e-01  2.30576031e-01
  9.99832719e+01  5.64023746e-01  5.94313740e-01 -5.32977496e-03
  5.16841330e+02  2.99996559e+02  3.00004651e+02  2.99988890e+02
  2.99983017e+02]"
530,6.851611245221505,24.94071242565508,"[ 1.00007667e+02  1.95335410e-01  3.26598226e-01  9.79278020e-01
  9.99988125e+01  3.95860863e-01  4.12380847e-01  6.27045679e-01
  9.99790443e+01  3.68024566e-01  3.66893935e-01  6.54752066e-01
  1.00022327e+02  3.33364452e-01  3.83501212e-01  5.83287523e-01
  1.00013970e+02  3.77847653e-01  4.71009196e-01  2.30722936e-01
  9.99831648e+01  5.63307597e-01  5.94644477e-01 -5.17676158e-03
  5.16841390e+02  2.99997211e+02  3.00004664e+02  2.99987609e+02
  2.99981826e+02]"
531,6.8356947761327795,18.34218784113348,"[ 1.00008350e+02  1.95030975e-01  3.26490763e-01  9.77782701e-01
  9.99996047e+01  3.96076896e-01  4.10540051e-01  6.25265363e-01
  9.99786438e+01  3.66840389e-01  3.66093179e-01  6.53996887e-01
  1.00024714e+02  3.34277348e-01  3.81507034e-01  5.82990232e-01
  1.00014002e+02  3.77482895e-01  4.72368520e-01  2.30258939e-01
  9.99849906e+01  5.63390346e-01  5.94102720e-01 -6.28481281e-03
  5.16838415e+02  2.99997195e+02  3.00005767e+02  2.99987963e+02
  2.99980059e+02]"
532,6.8356947761327795,159.28958980946604,"[ 1.00008350e+02  1.95030975e-01  3.26490763e-01  9.77782701e-01
  9.99996047e+01  3.96076896e-01  4.10540051e-01  6.25265363e-01
  9.99786438e+01  3.66840389e-01  3.66093179e-01  6.53996887e-01
  1.00024714e+02  3.34277348e-01  3.81507034e-01  5.82990232e-01
  1.00014002e+02  3.77482895e-01  4.72368520e-01  2.30258939e-01
  9.99849906e+01  5.63390346e-01  5.94102720e-01 -6.28481281e-03
  5.16838415e+02  2.99997195e+02  3.00005767e+02  2.99987963e+02
  2.99980059e+02]"
533,6.832516031858023,90.66377295847708,"[ 1.00008845e+02  1.95025628e-01  3.26253616e-01  9.77184517e-01
  9.99992543e+01  3.95596745e-01  4.10559452e-01  6.25060613e-01
  9.99785524e+01  3.67311538e-01  3.65579663e-01  6.53582233e-01
  1.00024435e+02  3.34152998e-01  3.81533796e-01  5.83415057e-01
  1.00013761e+02  3.77191709e-01  4.72347685e-01  2.30332083e-01
  9.99847959e+01  5.63713239e-01  5.94089735e-01 -6.24677586e-03
  5.16838000e+02  2.99996888e+02  3.00005938e+02  2.99987891e+02
  2.99980442e+02]"
534,6.8288428598333795,93.31443293222351,"[ 1.00008582e+02  1.94598611e-01  3.26008450e-01  9.77204312e-01
  9.99995536e+01  3.95217960e-01  4.10260592e-01  6.24903811e-01
  9.99783664e+01  3.67052205e-01  3.65126347e-01  6.53794511e-01
  1.00024423e+02  3.34518969e-01  3.81520733e-01  5.82800181e-01
  1.00013736e+02  3.77606996e-01  4.72544809e-01  2.30974818e-01
  9.99846332e+01  5.63642289e-01  5.94311292e-01 -5.91090971e-03
  5.16837637e+02  2.99996744e+02  3.00006198e+02  2.99988014e+02
  2.99980842e+02]"
535,6.8288428598333795,72.07328506634411,"[ 1.00008582e+02  1.94598611e-01  3.26008450e-01  9.77204312e-01
  9.99995536e+01  3.95217960e-01  4.10260592e-01  6.24903811e-01
  9.99783664e+01  3.67052205e-01  3.65126347e-01  6.53794511e-01
  1.00024423e+02  3.34518969e-01  3.81520733e-01  5.82800181e-01
  1.00013736e+02  3.77606996e-01  4.72544809e-01  2.30974818e-01
  9.99846332e+01  5.63642289e-01  5.94311292e-01 -5.91090971e-03
  5.16837637e+02  2.99996744e+02  3.00006198e+02  2.99988014e+02
  2.99980842e+02]"
536,6.8233601375643325,26.850737281206335,"[ 1.00008583e+02  1.94586410e-01  3.26018502e-01  9.77272856e-01
  9.99995153e+01  3.95334565e-01  4.10364735e-01  6.24780367e-01
  9.99781995e+01  3.67237577e-01  3.65109424e-01  6.53680324e-01
  1.00024350e+02  3.34382447e-01  3.81508496e-01  5.82710827e-01
  1.00013780e+02  3.77626742e-01  4.72587622e-01  2.31033162e-01
  9.99846148e+01  5.63619785e-01  5.94308255e-01 -5.90957354e-03
  5.16837671e+02  2.99996788e+02  3.00006197e+02  2.99988025e+02
  2.99980918e+02]"
537,6.8156936110610955,18.549666834018282,"[ 1.00008637e+02  1.94525469e-01  3.25901819e-01  9.77114081e-01
  9.99995542e+01  3.95360348e-01  4.10491119e-01  6.24436771e-01
  9.99782194e+01  3.67552809e-01  3.65206675e-01  6.53190567e-01
  1.00024158e+02  3.34412615e-01  3.81501642e-01  5.82548611e-01
  1.00013781e+02  3.77750872e-01  4.72587865e-01  2.31037514e-01
  9.99847025e+01  5.63453689e-01  5.94190122e-01 -5.94508862e-03
  5.16837696e+02  2.99996673e+02  3.00006170e+02  2.99988118e+02
  2.99980931e+02]"
538,6.802425913906048,19.69143262872738,"[ 1.00008799e+02  1.94532658e-01  3.25573021e-01  9.77092642e-01
  9.99993054e+01  3.95155602e-01  4.10570755e-01  6.23864164e-01
  9.99776759e+01  3.67770823e-01  3.64990231e-01  6.52228386e-01
  1.00024244e+02  3.34069690e-01  3.81486704e-01  5.82604288e-01
  1.00014094e+02  3.77343146e-01  4.72524243e-01  2.31013827e-01
  9.99843461e+01  5.63007124e-01  5.94190604e-01 -5.68184372e-03
  5.16837606e+02  2.99996563e+02  3.00006130e+02  2.99988052e+02
  2.99980759e+02]"
539,6.802425913906048,30.0409513603545,"[ 1.00008799e+02  1.94532658e-01  3.25573021e-01  9.77092642e-01
  9.99993054e+01  3.95155602e-01  4.10570755e-01  6.23864164e-01
  9.99776759e+01  3.67770823e-01  3.64990231e-01  6.52228386e-01
  1.00024244e+02  3.34069690e-01  3.81486704e-01  5.82604288e-01
  1.00014094e+02  3.77343146e-01  4.72524243e-01  2.31013827e-01
  9.99843461e+01  5.63007124e-01  5.94190604e-01 -5.68184372e-03
  5.16837606e+02  2.99996563e+02  3.00006130e+02  2.99988052e+02
  2.99980759e+02]"
540,6.799922217553372,45.35386106791348,"[ 1.00008738e+02  1.94357744e-01  3.25755508e-01  9.77225053e-01
  9.99994247e+01  3.95107619e-01  4.10750699e-01  6.23613027e-01
  9.99779582e+01  3.67963945e-01  3.64860106e-01  6.52097556e-01
  1.00024494e+02  3.33983677e-01  3.81462312e-01  5.82632407e-01
  1.00013941e+02  3.77251831e-01  4.72582469e-01  2.30918220e-01
  9.99843393e+01  5.62989702e-01  5.94452068e-01 -5.38902712e-03
  5.16837598e+02  2.99996652e+02  3.00005940e+02  2.99988198e+02
  2.99980785e+02]"
541,6.7944387531609305,13.208338125173688,"[ 1.00008709e+02  1.94409802e-01  3.25710570e-01  9.77085198e-01
  9.99994870e+01  3.95163866e-01  4.10898902e-01  6.23479822e-01
  9.99777554e+01  3.68058500e-01  3.64598623e-01  6.51881228e-01
  1.00024231e+02  3.33933071e-01  3.81588031e-01  5.82240719e-01
  1.00014016e+02  3.77210000e-01  4.72536930e-01  2.31018201e-01
  9.99844606e+01  5.62730417e-01  5.94524287e-01 -5.27768167e-03
  5.16837712e+02  2.99996781e+02  3.00006121e+02  2.99988322e+02
  2.99980690e+02]"
542,6.783829199430661,15.754925183661463,"[ 1.00008680e+02  1.94607271e-01  3.25745501e-01  9.76732758e-01
  9.99993248e+01  3.95182585e-01  4.11107753e-01  6.23074336e-01
  9.99782353e+01  3.68453171e-01  3.64530169e-01  6.50929240e-01
  1.00024268e+02  3.33847719e-01  3.81746032e-01  5.82055448e-01
  1.00013887e+02  3.77278819e-01  4.72335124e-01  2.30638569e-01
  9.99845770e+01  5.62454598e-01  5.94504048e-01 -5.29001997e-03
  5.16837821e+02  2.99996487e+02  3.00005566e+02  2.99988665e+02
  2.99980303e+02]"
543,6.775340031281202,36.59803859639467,"[ 1.00009643e+02  1.94991597e-01  3.25121306e-01  9.76696120e-01
  9.99995673e+01  3.96085328e-01  4.10086930e-01  6.22350765e-01
  9.99796919e+01  3.68578164e-01  3.64055366e-01  6.50770275e-01
  1.00024519e+02  3.33776526e-01  3.81149126e-01  5.81442874e-01
  1.00013764e+02  3.76656725e-01  4.71883413e-01  2.31948298e-01
  9.99849681e+01  5.63155185e-01  5.95242356e-01 -5.72850470e-03
  5.16837761e+02  2.99996393e+02  3.00005706e+02  2.99988327e+02
  2.99980372e+02]"
544,6.775340031281202,69.23673558731186,"[ 1.00009643e+02  1.94991597e-01  3.25121306e-01  9.76696120e-01
  9.99995673e+01  3.96085328e-01  4.10086930e-01  6.22350765e-01
  9.99796919e+01  3.68578164e-01  3.64055366e-01  6.50770275e-01
  1.00024519e+02  3.33776526e-01  3.81149126e-01  5.81442874e-01
  1.00013764e+02  3.76656725e-01  4.71883413e-01  2.31948298e-01
  9.99849681e+01  5.63155185e-01  5.95242356e-01 -5.72850470e-03
  5.16837761e+02  2.99996393e+02  3.00005706e+02  2.99988327e+02
  2.99980372e+02]"
545,6.77391914428008,62.00034828253418,"[ 1.00009788e+02  1.94873760e-01  3.25184325e-01  9.76763992e-01
  9.99995266e+01  3.96330158e-01  4.09775825e-01  6.22249732e-01
  9.99797759e+01  3.68721716e-01  3.64028582e-01  6.50736515e-01
  1.00024211e+02  3.34006966e-01  3.81283015e-01  5.81537320e-01
  1.00013901e+02  3.76558819e-01  4.72116951e-01  2.31822389e-01
  9.99848307e+01  5.62929260e-01  5.95458134e-01 -5.52776177e-03
  5.16837821e+02  2.99996318e+02  3.00005719e+02  2.99988352e+02
  2.99980419e+02]"
546,6.764473567717116,14.30062053805643,"[ 1.00009744e+02  1.94733134e-01  3.25007789e-01  9.76716849e-01
  9.99995848e+01  3.96241098e-01  4.09719458e-01  6.21884492e-01
  9.99797567e+01  3.68792568e-01  3.63861340e-01  6.50191249e-01
  1.00024218e+02  3.34057527e-01  3.81280022e-01  5.81331574e-01
  1.00013914e+02  3.76697850e-01  4.72168446e-01  2.32003565e-01
  9.99848330e+01  5.62755677e-01  5.95347367e-01 -5.47187196e-03
  5.16837876e+02  2.99996326e+02  3.00005738e+02  2.99988384e+02
  2.99980396e+02]"
547,6.753672010799556,16.338106391559453,"[ 1.00009449e+02  1.94618949e-01  3.24773784e-01  9.76516979e-01
  9.99991851e+01  3.95945027e-01  4.10061972e-01  6.20884202e-01
  9.99796106e+01  3.68719167e-01  3.63799648e-01  6.49599495e-01
  1.00023990e+02  3.34115199e-01  3.81271793e-01  5.81149803e-01
  1.00013979e+02  3.77069525e-01  4.72233219e-01  2.31754997e-01
  9.99848505e+01  5.62534249e-01  5.95354321e-01 -4.99336639e-03
  5.16837752e+02  2.99996535e+02  3.00005952e+02  2.99988452e+02
  2.99980062e+02]"
548,6.748147176632084,41.180060081980464,"[ 1.00009716e+02  1.94233698e-01  3.25369728e-01  9.76724397e-01
  9.99993652e+01  3.96330869e-01  4.09579401e-01  6.20216597e-01
  9.99813046e+01  3.68181559e-01  3.64125965e-01  6.49277056e-01
  1.00024511e+02  3.34496898e-01  3.81293017e-01  5.80099077e-01
  1.00013634e+02  3.77230918e-01  4.71707102e-01  2.31371750e-01
  9.99855259e+01  5.61871099e-01  5.95719834e-01 -4.46667354e-03
  5.16837924e+02  2.99996123e+02  3.00005294e+02  2.99989144e+02
  2.99978800e+02]"
549,6.737705325661077,47.261872476438946,"[ 1.00009004e+02  1.94316962e-01  3.24837798e-01  9.77198980e-01
  9.99997410e+01  3.96531371e-01  4.09208751e-01  6.20136726e-01
  9.99826791e+01  3.68575246e-01  3.63714736e-01  6.48873027e-01
  1.00023763e+02  3.34703740e-01  3.81177594e-01  5.79084095e-01
  1.00013611e+02  3.77656048e-01  4.70753107e-01  2.31886022e-01
  9.99848812e+01  5.62926199e-01  5.95802680e-01 -3.30864759e-03
  5.16837354e+02  2.99996807e+02  3.00004623e+02  2.99989348e+02
  2.99979044e+02]"
550,6.737705325661077,101.67829061363535,"[ 1.00009004e+02  1.94316962e-01  3.24837798e-01  9.77198980e-01
  9.99997410e+01  3.96531371e-01  4.09208751e-01  6.20136726e-01
  9.99826791e+01  3.68575246e-01  3.63714736e-01  6.48873027e-01
  1.00023763e+02  3.34703740e-01  3.81177594e-01  5.79084095e-01
  1.00013611e+02  3.77656048e-01  4.70753107e-01  2.31886022e-01
  9.99848812e+01  5.62926199e-01  5.95802680e-01 -3.30864759e-03
  5.16837354e+02  2.99996807e+02  3.00004623e+02  2.99989348e+02
  2.99979044e+02]"
551,6.736707057271989,72.848772320128,"[ 1.00009053e+02  1.94313009e-01  3.24724321e-01  9.76974557e-01
  9.99997151e+01  3.96470332e-01  4.09104528e-01  6.20190660e-01
  9.99826664e+01  3.68528887e-01  3.64061899e-01  6.48664487e-01
  1.00023946e+02  3.34431752e-01  3.81267393e-01  5.79318443e-01
  1.00013787e+02  3.77660246e-01  4.70530909e-01  2.31738755e-01
  9.99846583e+01  5.62847602e-01  5.95606468e-01 -3.20031850e-03
  5.16837262e+02  2.99996720e+02  3.00004465e+02  2.99989332e+02
  2.99978924e+02]"
552,6.7339778523566345,38.72073342560964,"[ 1.00009137e+02  1.94320954e-01  3.24931282e-01  9.76953274e-01
  9.99998128e+01  3.96603859e-01  4.09202176e-01  6.20221064e-01
  9.99829142e+01  3.68672093e-01  3.64021483e-01  6.48512101e-01
  1.00024162e+02  3.34205463e-01  3.81413806e-01  5.79004650e-01
  1.00013853e+02  3.77713554e-01  4.70709053e-01  2.31965655e-01
  9.99844959e+01  5.62690277e-01  5.95872805e-01 -3.12598644e-03
  5.16837281e+02  2.99996685e+02  3.00004289e+02  2.99989210e+02
  2.99978851e+02]"
553,6.7339778523566345,49.30482312818354,"[ 1.00009137e+02  1.94320954e-01  3.24931282e-01  9.76953274e-01
  9.99998128e+01  3.96603859e-01  4.09202176e-01  6.20221064e-01
  9.99829142e+01  3.68672093e-01  3.64021483e-01  6.48512101e-01
  1.00024162e+02  3.34205463e-01  3.81413806e-01  5.79004650e-01
  1.00013853e+02  3.77713554e-01  4.70709053e-01  2.31965655e-01
  9.99844959e+01  5.62690277e-01  5.95872805e-01 -3.12598644e-03
  5.16837281e+02  2.99996685e+02  3.00004289e+02  2.99989210e+02
  2.99978851e+02]"
554,6.733631028180855,36.91739582665042,"[ 1.00009166e+02  1.94266583e-01  3.24910384e-01  9.77038657e-01
  9.99998758e+01  3.96612776e-01  4.09159047e-01  6.20190548e-01
  9.99829196e+01  3.68677034e-01  3.63969618e-01  6.48511367e-01
  1.00024194e+02  3.34211881e-01  3.81417220e-01  5.79050918e-01
  1.00013847e+02  3.77644622e-01  4.70720072e-01  2.31952758e-01
  9.99844661e+01  5.62655162e-01  5.95885494e-01 -3.04157781e-03
  5.16837261e+02  2.99996637e+02  3.00004280e+02  2.99989199e+02
  2.99978882e+02]"
555,6.733285592596588,60.63137865332459,"[ 1.00009182e+02  1.94253843e-01  3.24947682e-01  9.77057469e-01
  9.99999123e+01  3.96613249e-01  4.09258760e-01  6.20120172e-01
  9.99829087e+01  3.68651629e-01  3.64007590e-01  6.48479840e-01
  1.00024203e+02  3.34177383e-01  3.81381525e-01  5.79021594e-01
  1.00013777e+02  3.77662403e-01  4.70754982e-01  2.31932971e-01
  9.99844702e+01  5.62701107e-01  5.95820131e-01 -3.00297510e-03
  5.16837210e+02  2.99996623e+02  3.00004294e+02  2.99989191e+02
  2.99978893e+02]"
556,6.730995535381817,11.16342418790649,"[ 1.00009179e+02  1.94227117e-01  3.24904256e-01  9.77053569e-01
  9.99999208e+01  3.96565608e-01  4.09223602e-01  6.20021211e-01
  9.99829069e+01  3.68665984e-01  3.63980091e-01  6.48352429e-01
  1.00024203e+02  3.34215324e-01  3.81393442e-01  5.78971400e-01
  1.00013778e+02  3.77688665e-01  4.70763257e-01  2.31970755e-01
  9.99844696e+01  5.62656605e-01  5.95788641e-01 -2.98547128e-03
  5.16837210e+02  2.99996624e+02  3.00004294e+02  2.99989191e+02
  2.99978893e+02]"
557,6.726551822442784,10.981024144291343,"[ 1.00009172e+02  1.94162864e-01  3.24798806e-01  9.77051762e-01
  9.99999340e+01  3.96488506e-01  4.09171135e-01  6.19810230e-01
  9.99828972e+01  3.68683246e-01  3.63931457e-01  6.48107885e-01
  1.00024210e+02  3.34305848e-01  3.81405534e-01  5.78866172e-01
  1.00013775e+02  3.77734463e-01  4.70758287e-01  2.32037928e-01
  9.99844820e+01  5.62579499e-01  5.95707781e-01 -2.96363063e-03
  5.16837203e+02  2.99996630e+02  3.00004305e+02  2.99989190e+02
  2.99978874e+02]"
558,6.718047405239253,11.215528643318557,"[ 1.00009168e+02  1.94090460e-01  3.24632860e-01  9.77028478e-01
  1.00000041e+02  3.96348937e-01  4.09123623e-01  6.19436242e-01
  9.99828758e+01  3.68818847e-01  3.63823019e-01  6.47573351e-01
  1.00024273e+02  3.34425641e-01  3.81468132e-01  5.78671327e-01
  1.00013744e+02  3.77806319e-01  4.70885216e-01  2.32185774e-01
  9.99845220e+01  5.62380690e-01  5.95600688e-01 -2.93328117e-03
  5.16837210e+02  2.99996657e+02  3.00004339e+02  2.99989217e+02
  2.99978903e+02]"
559,6.708615709100123,19.447717736873642,"[ 1.00009371e+02  1.93916221e-01  3.24860015e-01  9.76857714e-01
  1.00000193e+02  3.96434723e-01  4.09049000e-01  6.19123184e-01
  9.99833698e+01  3.68891568e-01  3.63987349e-01  6.46603137e-01
  1.00023957e+02  3.34428853e-01  3.81092504e-01  5.78353527e-01
  1.00013331e+02  3.77433652e-01  4.70749290e-01  2.32362070e-01
  9.99846161e+01  5.62135714e-01  5.95496186e-01 -2.77334258e-03
  5.16837629e+02  2.99996251e+02  3.00004332e+02  2.99989283e+02
  2.99978617e+02]"
560,6.69436924156819,21.23340285856761,"[ 1.00009828e+02  1.93718666e-01  3.24169980e-01  9.76628093e-01
  9.99998025e+01  3.95690749e-01  4.09178189e-01  6.18066343e-01
  9.99830351e+01  3.68700030e-01  3.63498986e-01  6.46160024e-01
  1.00023525e+02  3.34344657e-01  3.81033666e-01  5.77145816e-01
  1.00013291e+02  3.78310382e-01  4.69530277e-01  2.31861928e-01
  9.99851535e+01  5.61575099e-01  5.96132664e-01 -2.29672560e-03
  5.16836837e+02  2.99995465e+02  3.00004295e+02  2.99990180e+02
  2.99978073e+02]"
561,6.680401031446001,12.50163572212198,"[ 1.00010949e+02  1.94120401e-01  3.22972555e-01  9.77650188e-01
  9.99984960e+01  3.97478195e-01  4.07411384e-01  6.16829935e-01
  9.99833597e+01  3.67907661e-01  3.64692596e-01  6.45481062e-01
  1.00022031e+02  3.34995169e-01  3.81256332e-01  5.76770170e-01
  1.00010819e+02  3.76811656e-01  4.69575278e-01  2.34201232e-01
  9.99848440e+01  5.60534790e-01  5.94114645e-01 -2.40535607e-03
  5.16836546e+02  2.99995201e+02  3.00003593e+02  2.99991409e+02
  2.99979976e+02]"
562,6.680401031446001,97.31968839206131,"[ 1.00010949e+02  1.94120401e-01  3.22972555e-01  9.77650188e-01
  9.99984960e+01  3.97478195e-01  4.07411384e-01  6.16829935e-01
  9.99833597e+01  3.67907661e-01  3.64692596e-01  6.45481062e-01
  1.00022031e+02  3.34995169e-01  3.81256332e-01  5.76770170e-01
  1.00010819e+02  3.76811656e-01  4.69575278e-01  2.34201232e-01
  9.99848440e+01  5.60534790e-01  5.94114645e-01 -2.40535607e-03
  5.16836546e+02  2.99995201e+02  3.00003593e+02  2.99991409e+02
  2.99979976e+02]"
563,6.680401031446001,100.88180129362965,"[ 1.00010949e+02  1.94120401e-01  3.22972555e-01  9.77650188e-01
  9.99984960e+01  3.97478195e-01  4.07411384e-01  6.16829935e-01
  9.99833597e+01  3.67907661e-01  3.64692596e-01  6.45481062e-01
  1.00022031e+02  3.34995169e-01  3.81256332e-01  5.76770170e-01
  1.00010819e+02  3.76811656e-01  4.69575278e-01  2.34201232e-01
  9.99848440e+01  5.60534790e-01  5.94114645e-01 -2.40535607e-03
  5.16836546e+02  2.99995201e+02  3.00003593e+02  2.99991409e+02
  2.99979976e+02]"
564,6.679716792760615,104.83826711163043,"[ 1.00011000e+02  1.94212244e-01  3.22841102e-01  9.77629037e-01
  9.99985930e+01  3.97562563e-01  4.07462376e-01  6.16845553e-01
  9.99833037e+01  3.67852850e-01  3.64705309e-01  6.45511878e-01
  1.00021867e+02  3.35014833e-01  3.81140224e-01  5.76759347e-01
  1.00010904e+02  3.76807939e-01  4.69583301e-01  2.34313237e-01
  9.99848480e+01  5.60410316e-01  5.93988399e-01 -2.33844207e-03
  5.16836559e+02  2.99995193e+02  3.00003641e+02  2.99991307e+02
  2.99979897e+02]"
565,6.678486908081246,65.43214789893737,"[ 1.00011010e+02  1.94217385e-01  3.22769158e-01  9.77716840e-01
  9.99985036e+01  3.97423991e-01  4.07581578e-01  6.16698547e-01
  9.99833951e+01  3.67855665e-01  3.64767497e-01  6.45562622e-01
  1.00021835e+02  3.35000394e-01  3.81082439e-01  5.76781549e-01
  1.00010988e+02  3.76771875e-01  4.69493163e-01  2.34279967e-01
  9.99848489e+01  5.60325347e-01  5.93932175e-01 -2.34018755e-03
  5.16836620e+02  2.99995213e+02  3.00003439e+02  2.99991331e+02
  2.99979939e+02]"
566,6.670967927222163,23.89684724877479,"[ 1.00011003e+02  1.94062577e-01  3.22643876e-01  9.77671842e-01
  9.99985149e+01  3.97341767e-01  4.07575926e-01  6.16591585e-01
  9.99833935e+01  3.68038923e-01  3.64805634e-01  6.45405515e-01
  1.00021835e+02  3.34906183e-01  3.81029188e-01  5.76669379e-01
  1.00010974e+02  3.76870887e-01  4.69554934e-01  2.34353234e-01
  9.99848414e+01  5.60255393e-01  5.93888291e-01 -2.31842539e-03
  5.16836622e+02  2.99995215e+02  3.00003431e+02  2.99991349e+02
  2.99979935e+02]"
567,6.66184796068673,14.589197423389741,"[ 1.00010968e+02  1.93873570e-01  3.22482427e-01  9.77592513e-01
  9.99985443e+01  3.97165951e-01  4.07529954e-01  6.16234713e-01
  9.99833131e+01  3.68272103e-01  3.64757186e-01  6.44918960e-01
  1.00021834e+02  3.34941514e-01  3.81064044e-01  5.76483135e-01
  1.00010896e+02  3.77012436e-01  4.69597917e-01  2.34483845e-01
  9.99847926e+01  5.60038113e-01  5.93821866e-01 -2.24550758e-03
  5.16836526e+02  2.99995211e+02  3.00003442e+02  2.99991397e+02
  2.99979914e+02]"
568,6.653864409052728,12.530105877862917,"[ 1.00010512e+02  1.93680317e-01  3.22529897e-01  9.76922993e-01
  9.99984328e+01  3.96863308e-01  4.07161577e-01  6.16044836e-01
  9.99831760e+01  3.68732494e-01  3.64333955e-01  6.44159659e-01
  1.00021626e+02  3.34907132e-01  3.81025191e-01  5.76768274e-01
  1.00010935e+02  3.77010536e-01  4.69987141e-01  2.34439242e-01
  9.99849879e+01  5.59623788e-01  5.93744399e-01 -2.23717259e-03
  5.16836307e+02  2.99995596e+02  3.00003200e+02  2.99991330e+02
  2.99980060e+02]"
569,6.647458293862766,59.21558845679934,"[ 1.00010976e+02  1.93627454e-01  3.23004171e-01  9.76659933e-01
  9.99982222e+01  3.96567889e-01  4.07918842e-01  6.15464006e-01
  9.99832668e+01  3.68599183e-01  3.63868088e-01  6.43685215e-01
  1.00021420e+02  3.35296831e-01  3.80413267e-01  5.75442328e-01
  1.00010514e+02  3.77899630e-01  4.69897638e-01  2.33156102e-01
  9.99855466e+01  5.58689579e-01  5.95122162e-01 -2.10506305e-03
  5.16835935e+02  2.99995502e+02  3.00002833e+02  2.99991777e+02
  2.99979434e+02]"
570,6.647458293862766,96.38390199761456,"[ 1.00010976e+02  1.93627454e-01  3.23004171e-01  9.76659933e-01
  9.99982222e+01  3.96567889e-01  4.07918842e-01  6.15464006e-01
  9.99832668e+01  3.68599183e-01  3.63868088e-01  6.43685215e-01
  1.00021420e+02  3.35296831e-01  3.80413267e-01  5.75442328e-01
  1.00010514e+02  3.77899630e-01  4.69897638e-01  2.33156102e-01
  9.99855466e+01  5.58689579e-01  5.95122162e-01 -2.10506305e-03
  5.16835935e+02  2.99995502e+02  3.00002833e+02  2.99991777e+02
  2.99979434e+02]"
571,6.647208201722903,70.34474611430176,"[ 1.00010934e+02  1.93940813e-01  3.23029643e-01  9.76319680e-01
  9.99985281e+01  3.96824813e-01  4.07951691e-01  6.15380892e-01
  9.99833956e+01  3.68585615e-01  3.63682915e-01  6.43475748e-01
  1.00021304e+02  3.35344711e-01  3.80590694e-01  5.75290419e-01
  1.00010539e+02  3.78052863e-01  4.69791305e-01  2.33270121e-01
  9.99857107e+01  5.58746468e-01  5.95019352e-01 -2.16883474e-03
  5.16836096e+02  2.99995517e+02  3.00002731e+02  2.99991789e+02
  2.99979504e+02]"
572,6.647208201722903,47.067781256222425,"[ 1.00010934e+02  1.93940813e-01  3.23029643e-01  9.76319680e-01
  9.99985281e+01  3.96824813e-01  4.07951691e-01  6.15380892e-01
  9.99833956e+01  3.68585615e-01  3.63682915e-01  6.43475748e-01
  1.00021304e+02  3.35344711e-01  3.80590694e-01  5.75290419e-01
  1.00010539e+02  3.78052863e-01  4.69791305e-01  2.33270121e-01
  9.99857107e+01  5.58746468e-01  5.95019352e-01 -2.16883474e-03
  5.16836096e+02  2.99995517e+02  3.00002731e+02  2.99991789e+02
  2.99979504e+02]"
573,6.645875691536511,48.08398169165756,"[ 1.00010921e+02  1.93850324e-01  3.23002676e-01  9.76323276e-01
  9.99986025e+01  3.96798604e-01  4.07954679e-01  6.15400742e-01
  9.99833883e+01  3.68626285e-01  3.63642861e-01  6.43424871e-01
  1.00021295e+02  3.35367728e-01  3.80655203e-01  5.75272599e-01
  1.00010501e+02  3.78039929e-01  4.69827970e-01  2.33298287e-01
  9.99856885e+01  5.58718741e-01  5.95084697e-01 -2.09774721e-03
  5.16836081e+02  2.99995507e+02  3.00002735e+02  2.99991766e+02
  2.99979533e+02]"
574,6.643200455934608,31.441503400574888,"[ 1.00010884e+02  1.93903767e-01  3.22963169e-01  9.76362498e-01
  9.99985874e+01  3.96877745e-01  4.07880499e-01  6.15408798e-01
  9.99833372e+01  3.68726182e-01  3.63684314e-01  6.43292889e-01
  1.00021248e+02  3.35448917e-01  3.80618585e-01  5.75171455e-01
  1.00010591e+02  3.77903703e-01  4.69785779e-01  2.33368462e-01
  9.99855816e+01  5.58635453e-01  5.95194078e-01 -2.10246330e-03
  5.16835965e+02  2.99995548e+02  3.00002661e+02  2.99991709e+02
  2.99979423e+02]"
575,6.639111365978725,53.08363421939782,"[ 1.00010840e+02  1.93918313e-01  3.23011817e-01  9.76222002e-01
  9.99984373e+01  3.96602358e-01  4.08040598e-01  6.15283453e-01
  9.99832846e+01  3.69025665e-01  3.63433892e-01  6.43070077e-01
  1.00021151e+02  3.35382410e-01  3.80512330e-01  5.75189587e-01
  1.00010343e+02  3.77623794e-01  4.69762958e-01  2.33531027e-01
  9.99856473e+01  5.58590901e-01  5.95216441e-01 -2.21866974e-03
  5.16835887e+02  2.99995687e+02  3.00002579e+02  2.99991910e+02
  2.99979595e+02]"
576,6.629826652590053,14.087774199828344,"[ 1.00010798e+02  1.93740044e-01  3.22794012e-01  9.76168049e-01
  9.99984850e+01  3.96493500e-01  4.07930646e-01  6.14960611e-01
  9.99833294e+01  3.69247156e-01  3.63378567e-01  6.42547313e-01
  1.00021144e+02  3.35566376e-01  3.80562943e-01  5.74987005e-01
  1.00010318e+02  3.77542695e-01  4.69693224e-01  2.33587225e-01
  9.99856007e+01  5.58458135e-01  5.95128401e-01 -2.09179584e-03
  5.16835870e+02  2.99995683e+02  3.00002597e+02  2.99991839e+02
  2.99979607e+02]"
577,6.6176028270803995,12.125561582658971,"[ 1.00010523e+02  1.93737756e-01  3.22312432e-01  9.75829657e-01
  9.99984318e+01  3.96155389e-01  4.07624158e-01  6.14751524e-01
  9.99836410e+01  3.69457337e-01  3.63152418e-01  6.41542889e-01
  1.00020745e+02  3.35846785e-01  3.80630228e-01  5.74575921e-01
  1.00010394e+02  3.77531846e-01  4.69517541e-01  2.33647929e-01
  9.99855077e+01  5.58482435e-01  5.94642392e-01 -2.10744413e-03
  5.16835919e+02  2.99995612e+02  3.00002874e+02  2.99991700e+02
  2.99979846e+02]"
578,6.6176028270803995,56.482654726039804,"[ 1.00010523e+02  1.93737756e-01  3.22312432e-01  9.75829657e-01
  9.99984318e+01  3.96155389e-01  4.07624158e-01  6.14751524e-01
  9.99836410e+01  3.69457337e-01  3.63152418e-01  6.41542889e-01
  1.00020745e+02  3.35846785e-01  3.80630228e-01  5.74575921e-01
  1.00010394e+02  3.77531846e-01  4.69517541e-01  2.33647929e-01
  9.99855077e+01  5.58482435e-01  5.94642392e-01 -2.10744413e-03
  5.16835919e+02  2.99995612e+02  3.00002874e+02  2.99991700e+02
  2.99979846e+02]"
579,6.615699684995802,30.656384072097403,"[ 1.00010490e+02  1.93817963e-01  3.22188097e-01  9.75702159e-01
  9.99986801e+01  3.96044791e-01  4.07819620e-01  6.14629863e-01
  9.99836390e+01  3.69629663e-01  3.63014453e-01  6.41488958e-01
  1.00020858e+02  3.36107385e-01  3.80421828e-01  5.74461446e-01
  1.00010514e+02  3.77364676e-01  4.69370348e-01  2.33613376e-01
  9.99855494e+01  5.58246617e-01  5.94400448e-01 -2.16631929e-03
  5.16836228e+02  2.99995700e+02  3.00002950e+02  2.99991519e+02
  2.99979896e+02]"
580,6.615699684995802,102.5952635354493,"[ 1.00010490e+02  1.93817963e-01  3.22188097e-01  9.75702159e-01
  9.99986801e+01  3.96044791e-01  4.07819620e-01  6.14629863e-01
  9.99836390e+01  3.69629663e-01  3.63014453e-01  6.41488958e-01
  1.00020858e+02  3.36107385e-01  3.80421828e-01  5.74461446e-01
  1.00010514e+02  3.77364676e-01  4.69370348e-01  2.33613376e-01
  9.99855494e+01  5.58246617e-01  5.94400448e-01 -2.16631929e-03
  5.16836228e+02  2.99995700e+02  3.00002950e+02  2.99991519e+02
  2.99979896e+02]"
581,6.613646480477897,19.786741546354758,"[ 1.00010490e+02  1.93854088e-01  3.22160603e-01  9.75679719e-01
  9.99986932e+01  3.96116723e-01  4.07785497e-01  6.14573794e-01
  9.99836614e+01  3.69629120e-01  3.63025142e-01  6.41409008e-01
  1.00020843e+02  3.36094929e-01  3.80386211e-01  5.74368696e-01
  1.00010528e+02  3.77424117e-01  4.69396813e-01  2.33645611e-01
  9.99855497e+01  5.58200898e-01  5.94348536e-01 -2.20268580e-03
  5.16836202e+02  2.99995694e+02  3.00002955e+02  2.99991536e+02
  2.99979871e+02]"
582,6.6097732723226335,14.177201411249689,"[ 1.00010500e+02  1.93836815e-01  3.22083484e-01  9.75721550e-01
  9.99987238e+01  3.96069652e-01  4.07757641e-01  6.14446588e-01
  9.99837022e+01  3.69672264e-01  3.62916774e-01  6.41178211e-01
  1.00020868e+02  3.36111301e-01  3.80405916e-01  5.74142492e-01
  1.00010530e+02  3.77466542e-01  4.69386301e-01  2.33692092e-01
  9.99855840e+01  5.58107930e-01  5.94366869e-01 -2.15485360e-03
  5.16836134e+02  2.99995701e+02  3.00002968e+02  2.99991557e+02
  2.99979866e+02]"
583,6.603118381261298,16.066841761706623,"[ 1.00010511e+02  1.93792642e-01  3.21920978e-01  9.75874303e-01
  9.99987428e+01  3.96173714e-01  4.07593085e-01  6.14118270e-01
  9.99835761e+01  3.69753721e-01  3.62939998e-01  6.40703833e-01
  1.00020756e+02  3.36267556e-01  3.80492195e-01  5.74039678e-01
  1.00010377e+02  3.77542917e-01  4.69488683e-01  2.33815831e-01
  9.99855604e+01  5.58039422e-01  5.94087147e-01 -2.01970166e-03
  5.16836075e+02  2.99995736e+02  3.00003001e+02  2.99991506e+02
  2.99980000e+02]"
584,6.599560176583421,25.407045292337138,"[ 1.00010312e+02  1.93827663e-01  3.21663400e-01  9.76151749e-01
  9.99981711e+01  3.96070266e-01  4.07350527e-01  6.13904262e-01
  9.99835567e+01  3.69703595e-01  3.62942938e-01  6.40155354e-01
  1.00020519e+02  3.36705518e-01  3.80194523e-01  5.73585435e-01
  1.00010845e+02  3.77753837e-01  4.69340623e-01  2.33294843e-01
  9.99857916e+01  5.58284106e-01  5.93830719e-01 -2.06484802e-03
  5.16836013e+02  2.99995827e+02  3.00003268e+02  2.99990983e+02
  2.99979589e+02]"
585,6.59232987392628,34.86205452971972,"[ 1.00010119e+02  1.93581922e-01  3.21226693e-01  9.76582821e-01
  9.99981090e+01  3.96055431e-01  4.07107748e-01  6.13493191e-01
  9.99837642e+01  3.69444979e-01  3.62810360e-01  6.39807997e-01
  1.00020266e+02  3.36234073e-01  3.80253134e-01  5.73438372e-01
  1.00010441e+02  3.77107753e-01  4.69222412e-01  2.33681585e-01
  9.99858706e+01  5.57785491e-01  5.93833520e-01 -2.31004170e-03
  5.16836146e+02  2.99995555e+02  3.00003157e+02  2.99990795e+02
  2.99979067e+02]"
586,6.574668703554965,17.027486795481778,"[ 1.00009885e+02  1.92984788e-01  3.21359486e-01  9.76156076e-01
  9.99982371e+01  3.95612070e-01  4.06916339e-01  6.12701268e-01
  9.99833279e+01  3.69982025e-01  3.62788449e-01  6.38236034e-01
  1.00019948e+02  3.35891460e-01  3.80948898e-01  5.73172222e-01
  1.00009038e+02  3.77365026e-01  4.70152920e-01  2.33841497e-01
  9.99848248e+01  5.57701952e-01  5.93659570e-01 -1.43950256e-03
  5.16835974e+02  2.99996037e+02  3.00002480e+02  2.99991135e+02
  2.99978777e+02]"
587,6.574668703554965,119.86430398921244,"[ 1.00009885e+02  1.92984788e-01  3.21359486e-01  9.76156076e-01
  9.99982371e+01  3.95612070e-01  4.06916339e-01  6.12701268e-01
  9.99833279e+01  3.69982025e-01  3.62788449e-01  6.38236034e-01
  1.00019948e+02  3.35891460e-01  3.80948898e-01  5.73172222e-01
  1.00009038e+02  3.77365026e-01  4.70152920e-01  2.33841497e-01
  9.99848248e+01  5.57701952e-01  5.93659570e-01 -1.43950256e-03
  5.16835974e+02  2.99996037e+02  3.00002480e+02  2.99991135e+02
  2.99978777e+02]"
588,6.571184961831565,52.67442241102682,"[ 1.00009859e+02  1.93275017e-01  3.20723569e-01  9.75661959e-01
  9.99980845e+01  3.95421073e-01  4.07346437e-01  6.12349623e-01
  9.99835152e+01  3.70001092e-01  3.62864539e-01  6.37921183e-01
  1.00019448e+02  3.35925985e-01  3.81028790e-01  5.73261269e-01
  1.00009673e+02  3.77091709e-01  4.70376512e-01  2.33615524e-01
  9.99845947e+01  5.57507484e-01  5.93658481e-01 -1.10839510e-03
  5.16835689e+02  2.99996327e+02  3.00002120e+02  2.99990975e+02
  2.99979137e+02]"
589,6.567179626291874,75.06233828735468,"[ 1.00009683e+02  1.93124843e-01  3.21223234e-01  9.76066272e-01
  9.99976489e+01  3.95507894e-01  4.07089685e-01  6.12087810e-01
  9.99840563e+01  3.69766791e-01  3.62840579e-01  6.37662352e-01
  1.00019373e+02  3.36185620e-01  3.80796803e-01  5.73080131e-01
  1.00009706e+02  3.76877499e-01  4.70303973e-01  2.33685909e-01
  9.99842259e+01  5.57484097e-01  5.93592645e-01 -1.11082154e-03
  5.16835951e+02  2.99996817e+02  3.00001476e+02  2.99991256e+02
  2.99979739e+02]"
590,6.561945864438534,69.1222149696291,"[ 1.00009515e+02  1.93230950e-01  3.21409021e-01  9.76100799e-01
  9.99976100e+01  3.95505449e-01  4.07209232e-01  6.12226356e-01
  9.99838484e+01  3.69788580e-01  3.63503236e-01  6.36757684e-01
  1.00019360e+02  3.35906989e-01  3.81007850e-01  5.72917419e-01
  1.00009951e+02  3.76410437e-01  4.70576827e-01  2.33464528e-01
  9.99843517e+01  5.57572727e-01  5.93473992e-01 -1.02317747e-03
  5.16836384e+02  2.99996557e+02  3.00001851e+02  2.99991801e+02
  2.99979927e+02]"
591,6.549282350194502,14.881817022401219,"[ 1.00009593e+02  1.93320006e-01  3.21146664e-01  9.76460170e-01
  9.99973649e+01  3.95543073e-01  4.07204114e-01  6.12285788e-01
  9.99838846e+01  3.70028948e-01  3.63355073e-01  6.35682478e-01
  1.00019497e+02  3.35908593e-01  3.80852702e-01  5.72312413e-01
  1.00010254e+02  3.76380071e-01  4.70728955e-01  2.33917867e-01
  9.99843444e+01  5.57310760e-01  5.93325354e-01 -1.41019248e-03
  5.16836313e+02  2.99996477e+02  3.00002149e+02  2.99992190e+02
  2.99979893e+02]"
592,6.544242549952169,29.875501993429566,"[ 1.00009491e+02  1.93807104e-01  3.20680334e-01  9.76372539e-01
  9.99974584e+01  3.96205425e-01  4.07031066e-01  6.11685593e-01
  9.99849705e+01  3.70129289e-01  3.63601074e-01  6.35263003e-01
  1.00019424e+02  3.36523902e-01  3.80405771e-01  5.71978319e-01
  1.00011416e+02  3.75298006e-01  4.71533429e-01  2.33863160e-01
  9.99839373e+01  5.57452397e-01  5.92475784e-01 -1.76922778e-03
  5.16836121e+02  2.99996574e+02  3.00002181e+02  2.99992411e+02
  2.99981685e+02]"
593,6.544242549952169,120.84490301218301,"[ 1.00009491e+02  1.93807104e-01  3.20680334e-01  9.76372539e-01
  9.99974584e+01  3.96205425e-01  4.07031066e-01  6.11685593e-01
  9.99849705e+01  3.70129289e-01  3.63601074e-01  6.35263003e-01
  1.00019424e+02  3.36523902e-01  3.80405771e-01  5.71978319e-01
  1.00011416e+02  3.75298006e-01  4.71533429e-01  2.33863160e-01
  9.99839373e+01  5.57452397e-01  5.92475784e-01 -1.76922778e-03
  5.16836121e+02  2.99996574e+02  3.00002181e+02  2.99992411e+02
  2.99981685e+02]"
594,6.544242549952169,105.43097976619637,"[ 1.00009491e+02  1.93807104e-01  3.20680334e-01  9.76372539e-01
  9.99974584e+01  3.96205425e-01  4.07031066e-01  6.11685593e-01
  9.99849705e+01  3.70129289e-01  3.63601074e-01  6.35263003e-01
  1.00019424e+02  3.36523902e-01  3.80405771e-01  5.71978319e-01
  1.00011416e+02  3.75298006e-01  4.71533429e-01  2.33863160e-01
  9.99839373e+01  5.57452397e-01  5.92475784e-01 -1.76922778e-03
  5.16836121e+02  2.99996574e+02  3.00002181e+02  2.99992411e+02
  2.99981685e+02]"
595,6.5440117896346095,71.3386568964823,"[ 1.00009493e+02  1.93825843e-01  3.20629128e-01  9.76406828e-01
  9.99974110e+01  3.96158965e-01  4.06934371e-01  6.11707614e-01
  9.99849294e+01  3.70195436e-01  3.63681380e-01  6.35223908e-01
  1.00019402e+02  3.36523909e-01  3.80396648e-01  5.71968577e-01
  1.00011390e+02  3.75270386e-01  4.71509178e-01  2.33853278e-01
  9.99839451e+01  5.57458879e-01  5.92490034e-01 -1.76199269e-03
  5.16836171e+02  2.99996549e+02  3.00002156e+02  2.99992389e+02
  2.99981739e+02]"
596,6.540910412561814,18.084769899335384,"[ 1.00009482e+02  1.93746710e-01  3.20567081e-01  9.76381552e-01
  9.99974153e+01  3.96163746e-01  4.06925221e-01  6.11650274e-01
  9.99849296e+01  3.70247420e-01  3.63670298e-01  6.35127656e-01
  1.00019400e+02  3.36472779e-01  3.80368375e-01  5.71922516e-01
  1.00011380e+02  3.75343171e-01  4.71546970e-01  2.33897487e-01
  9.99839388e+01  5.57423117e-01  5.92467865e-01 -1.75457341e-03
  5.16836179e+02  2.99996547e+02  3.00002146e+02  2.99992390e+02
  2.99981743e+02]"
597,6.536410901152865,13.448448122054469,"[ 1.00009470e+02  1.93648373e-01  3.20454839e-01  9.76354254e-01
  9.99974427e+01  3.96121575e-01  4.06893956e-01  6.11495361e-01
  9.99849224e+01  3.70305737e-01  3.63645655e-01  6.34869275e-01
  1.00019383e+02  3.36442185e-01  3.80360926e-01  5.71833889e-01
  1.00011358e+02  3.75476369e-01  4.71597541e-01  2.33989228e-01
  9.99839496e+01  5.57348965e-01  5.92429496e-01 -1.72853394e-03
  5.16836226e+02  2.99996558e+02  3.00002141e+02  2.99992420e+02
  2.99981729e+02]"
598,6.534353484844943,22.945552798742238,"[ 1.00009475e+02  1.93423667e-01  3.20441991e-01  9.76362615e-01
  9.99976482e+01  3.95911714e-01  4.06712520e-01  6.11452507e-01
  9.99847542e+01  3.70252662e-01  3.63517583e-01  6.34788349e-01
  1.00019410e+02  3.36267815e-01  3.80454953e-01  5.71802475e-01
  1.00011088e+02  3.75577405e-01  4.71609233e-01  2.33987881e-01
  9.99838217e+01  5.57063361e-01  5.92605128e-01 -1.51445699e-03
  5.16836287e+02  2.99996330e+02  3.00002226e+02  2.99992390e+02
  2.99981420e+02]"
599,6.528081356764093,15.483244124573035,"[ 1.00009141e+02  1.93354508e-01  3.20410179e-01  9.76352229e-01
  9.99976215e+01  3.95916055e-01  4.07053016e-01  6.11027181e-01
  9.99847580e+01  3.70911885e-01  3.63317402e-01  6.34232767e-01
  1.00019122e+02  3.36467192e-01  3.80934248e-01  5.71779049e-01
  1.00011024e+02  3.75972771e-01  4.71842494e-01  2.34067193e-01
  9.99835102e+01  5.56786160e-01  5.92563048e-01 -1.97604137e-03
  5.16836748e+02  2.99996190e+02  3.00002331e+02  2.99992776e+02
  2.99980992e+02]"
600,6.526727588868683,58.92412163673844,"[ 1.00008903e+02  1.93780461e-01  3.20321379e-01  9.76091980e-01
  9.99969851e+01  3.95634091e-01  4.08533236e-01  6.10321358e-01
  9.99847067e+01  3.70536480e-01  3.64782902e-01  6.33393743e-01
  1.00019001e+02  3.35607167e-01  3.81736993e-01  5.71585151e-01
  1.00011758e+02  3.75261795e-01  4.72765149e-01  2.33651644e-01
  9.99829862e+01  5.56915617e-01  5.92257857e-01 -1.43677834e-03
  5.16836924e+02  2.99996394e+02  3.00002779e+02  2.99992864e+02
  2.99981042e+02]"
601,6.517073981871347,19.40595981832057,"[ 1.00008047e+02  1.93995539e-01  3.19894480e-01  9.75989249e-01
  9.99957052e+01  3.95366803e-01  4.08777378e-01  6.09754175e-01
  9.99845379e+01  3.70294260e-01  3.64073001e-01  6.33386844e-01
  1.00019010e+02  3.36792419e-01  3.81186982e-01  5.71073415e-01
  1.00011666e+02  3.74960493e-01  4.72041366e-01  2.34954555e-01
  9.99825166e+01  5.56677459e-01  5.92451287e-01 -5.87344624e-04
  5.16836910e+02  2.99996722e+02  3.00002848e+02  2.99992176e+02
  2.99982217e+02]"
602,6.5121975443319275,61.84807681476555,"[1.00006445e+02 1.93926209e-01 3.21081381e-01 9.75574800e-01
 9.99956343e+01 3.95377356e-01 4.08857637e-01 6.10034992e-01
 9.99865117e+01 3.71048883e-01 3.64347712e-01 6.32561948e-01
 1.00019563e+02 3.37650498e-01 3.80398935e-01 5.68776724e-01
 1.00012865e+02 3.76803412e-01 4.72418912e-01 2.33737268e-01
 9.99800623e+01 5.57448868e-01 5.93001950e-01 1.65391388e-03
 5.16835689e+02 2.99995578e+02 3.00004829e+02 2.99993419e+02
 2.99983057e+02]"
603,6.505697192391383,150.8624366114985,"[1.00006707e+02 1.92952242e-01 3.22613255e-01 9.73108540e-01
 9.99949857e+01 3.93400976e-01 4.09378193e-01 6.11077674e-01
 9.99859743e+01 3.71637463e-01 3.63495195e-01 6.30763553e-01
 1.00019292e+02 3.38426769e-01 3.81107990e-01 5.69595038e-01
 1.00013818e+02 3.76520839e-01 4.72811206e-01 2.32805518e-01
 9.99792761e+01 5.56070107e-01 5.90909241e-01 2.24833964e-03
 5.16834141e+02 2.99997171e+02 3.00005677e+02 2.99992715e+02
 2.99985664e+02]"
604,6.505697192391383,139.54958166156706,"[1.00006707e+02 1.92952242e-01 3.22613255e-01 9.73108540e-01
 9.99949857e+01 3.93400976e-01 4.09378193e-01 6.11077674e-01
 9.99859743e+01 3.71637463e-01 3.63495195e-01 6.30763553e-01
 1.00019292e+02 3.38426769e-01 3.81107990e-01 5.69595038e-01
 1.00013818e+02 3.76520839e-01 4.72811206e-01 2.32805518e-01
 9.99792761e+01 5.56070107e-01 5.90909241e-01 2.24833964e-03
 5.16834141e+02 2.99997171e+02 3.00005677e+02 2.99992715e+02
 2.99985664e+02]"
605,6.505697192391383,130.6160639149577,"[1.00006707e+02 1.92952242e-01 3.22613255e-01 9.73108540e-01
 9.99949857e+01 3.93400976e-01 4.09378193e-01 6.11077674e-01
 9.99859743e+01 3.71637463e-01 3.63495195e-01 6.30763553e-01
 1.00019292e+02 3.38426769e-01 3.81107990e-01 5.69595038e-01
 1.00013818e+02 3.76520839e-01 4.72811206e-01 2.32805518e-01
 9.99792761e+01 5.56070107e-01 5.90909241e-01 2.24833964e-03
 5.16834141e+02 2.99997171e+02 3.00005677e+02 2.99992715e+02
 2.99985664e+02]"
606,6.4990021723692575,26.72270742858008,"[1.00006692e+02 1.93065356e-01 3.22538344e-01 9.73105433e-01
 9.99950594e+01 3.93481167e-01 4.09353337e-01 6.11033731e-01
 9.99860468e+01 3.71587653e-01 3.63417285e-01 6.30568928e-01
 1.00019275e+02 3.38244418e-01 3.81044740e-01 5.69447419e-01
 1.00013802e+02 3.76574697e-01 4.72860341e-01 2.32822028e-01
 9.99792980e+01 5.56000883e-01 5.90895995e-01 2.31347119e-03
 5.16834150e+02 2.99997218e+02 3.00005718e+02 2.99992790e+02
 2.99985620e+02]"
607,6.492065058752226,20.652713042474048,"[1.00006648e+02 1.93313126e-01 3.22514673e-01 9.73047632e-01
 9.99951166e+01 3.93818981e-01 4.09299089e-01 6.11006707e-01
 9.99860510e+01 3.71823143e-01 3.63289071e-01 6.30271108e-01
 1.00019392e+02 3.38064695e-01 3.81261984e-01 5.69362872e-01
 1.00013864e+02 3.76699763e-01 4.72907455e-01 2.32744142e-01
 9.99791029e+01 5.55826852e-01 5.90653067e-01 2.31836312e-03
 5.16834143e+02 2.99997337e+02 3.00005967e+02 2.99992782e+02
 2.99985681e+02]"
608,6.484856389582481,15.83582530326845,"[1.00006604e+02 1.93693438e-01 3.21889032e-01 9.73115409e-01
 9.99951486e+01 3.94287102e-01 4.08674454e-01 6.11030669e-01
 9.99860683e+01 3.72005874e-01 3.63291503e-01 6.29872355e-01
 1.00019255e+02 3.38091445e-01 3.81559273e-01 5.68889075e-01
 1.00013848e+02 3.76691779e-01 4.73059489e-01 2.32567661e-01
 9.99788128e+01 5.55825254e-01 5.90491472e-01 2.69178873e-03
 5.16834510e+02 2.99997475e+02 3.00006555e+02 2.99993280e+02
 2.99985749e+02]"
609,6.481169873481752,63.00268142827077,"[1.00006451e+02 1.93533083e-01 3.22139838e-01 9.73022851e-01
 9.99957869e+01 3.94636327e-01 4.07904933e-01 6.10653271e-01
 9.99851697e+01 3.71907282e-01 3.63041456e-01 6.29238305e-01
 1.00019268e+02 3.37824294e-01 3.82110883e-01 5.69098540e-01
 1.00013088e+02 3.76184629e-01 4.74760020e-01 2.32369617e-01
 9.99785146e+01 5.56015841e-01 5.89410546e-01 2.69644061e-03
 5.16833865e+02 2.99998831e+02 3.00006929e+02 2.99993894e+02
 2.99985575e+02]"
610,6.481169873481752,89.71946474990585,"[1.00006451e+02 1.93533083e-01 3.22139838e-01 9.73022851e-01
 9.99957869e+01 3.94636327e-01 4.07904933e-01 6.10653271e-01
 9.99851697e+01 3.71907282e-01 3.63041456e-01 6.29238305e-01
 1.00019268e+02 3.37824294e-01 3.82110883e-01 5.69098540e-01
 1.00013088e+02 3.76184629e-01 4.74760020e-01 2.32369617e-01
 9.99785146e+01 5.56015841e-01 5.89410546e-01 2.69644061e-03
 5.16833865e+02 2.99998831e+02 3.00006929e+02 2.99993894e+02
 2.99985575e+02]"
611,6.47759746091909,35.629343471327104,"[1.00006541e+02 1.93127055e-01 3.22107271e-01 9.73056739e-01
 9.99957578e+01 3.94603033e-01 4.07797577e-01 6.10479097e-01
 9.99849904e+01 3.71849047e-01 3.63531948e-01 6.29019886e-01
 1.00019393e+02 3.37934862e-01 3.82045169e-01 5.68892989e-01
 1.00013138e+02 3.76251637e-01 4.74854116e-01 2.32439374e-01
 9.99786339e+01 5.56057482e-01 5.89359842e-01 2.74754943e-03
 5.16833903e+02 2.99998955e+02 3.00007002e+02 2.99993845e+02
 2.99985601e+02]"
612,6.471538620498543,35.28487699290036,"[1.00006595e+02 1.93432853e-01 3.21444789e-01 9.73324582e-01
 9.99956295e+01 3.94873308e-01 4.07378600e-01 6.10255861e-01
 9.99850461e+01 3.71930669e-01 3.63575364e-01 6.28800101e-01
 1.00019816e+02 3.37642092e-01 3.82232414e-01 5.68714622e-01
 1.00013428e+02 3.75651949e-01 4.75061859e-01 2.32307104e-01
 9.99778968e+01 5.56105972e-01 5.89555942e-01 2.56648247e-03
 5.16834000e+02 2.99998949e+02 3.00007440e+02 2.99993852e+02
 2.99985919e+02]"
613,6.471538620498543,63.91981905102616,"[1.00006595e+02 1.93432853e-01 3.21444789e-01 9.73324582e-01
 9.99956295e+01 3.94873308e-01 4.07378600e-01 6.10255861e-01
 9.99850461e+01 3.71930669e-01 3.63575364e-01 6.28800101e-01
 1.00019816e+02 3.37642092e-01 3.82232414e-01 5.68714622e-01
 1.00013428e+02 3.75651949e-01 4.75061859e-01 2.32307104e-01
 9.99778968e+01 5.56105972e-01 5.89555942e-01 2.56648247e-03
 5.16834000e+02 2.99998949e+02 3.00007440e+02 2.99993852e+02
 2.99985919e+02]"
614,6.471206832967119,43.90002505155731,"[1.00006571e+02 1.93438882e-01 3.21428938e-01 9.73286936e-01
 9.99956680e+01 3.94749505e-01 4.07463030e-01 6.10132071e-01
 9.99850617e+01 3.71932695e-01 3.63586884e-01 6.28827315e-01
 1.00019856e+02 3.37656012e-01 3.82152625e-01 5.68714819e-01
 1.00013350e+02 3.75569588e-01 4.75078465e-01 2.32486411e-01
 9.99777624e+01 5.56101746e-01 5.89654569e-01 2.53645296e-03
 5.16833901e+02 2.99998989e+02 3.00007283e+02 2.99993852e+02
 2.99986019e+02]"
615,6.470018340162581,35.7216376688579,"[1.00006566e+02 1.93419145e-01 3.21511915e-01 9.73150461e-01
 9.99956724e+01 3.94828438e-01 4.07441284e-01 6.10144949e-01
 9.99852131e+01 3.71916833e-01 3.63591341e-01 6.28700837e-01
 1.00020007e+02 3.37531375e-01 3.82103018e-01 5.68651273e-01
 1.00013350e+02 3.75570105e-01 4.75072477e-01 2.32430058e-01
 9.99777463e+01 5.55960057e-01 5.89672794e-01 2.45159370e-03
 5.16833795e+02 2.99998990e+02 3.00007251e+02 2.99993749e+02
 2.99986014e+02]"
616,6.465719891768798,10.84035938275695,"[1.00006561e+02 1.93416486e-01 3.21455971e-01 9.73154080e-01
 9.99956910e+01 3.94886771e-01 4.07415262e-01 6.09962004e-01
 9.99852129e+01 3.72002474e-01 3.63542792e-01 6.28433548e-01
 1.00020004e+02 3.37570853e-01 3.82106929e-01 5.68516589e-01
 1.00013346e+02 3.75467463e-01 4.74991023e-01 2.32469227e-01
 9.99777437e+01 5.55889947e-01 5.89647294e-01 2.52094221e-03
 5.16833794e+02 2.99998988e+02 3.00007250e+02 2.99993747e+02
 2.99986013e+02]"
617,6.458194684551348,11.500331660620816,"[1.00006597e+02 1.93343276e-01 3.21449581e-01 9.73037047e-01
 9.99957912e+01 3.94913029e-01 4.07378608e-01 6.09596998e-01
 9.99852625e+01 3.72212418e-01 3.63483649e-01 6.27965322e-01
 1.00019947e+02 3.37712072e-01 3.82109877e-01 5.68252409e-01
 1.00013195e+02 3.75447810e-01 4.74871300e-01 2.32647353e-01
 9.99777794e+01 5.55715130e-01 5.89525614e-01 2.65763955e-03
 5.16833688e+02 2.99999001e+02 3.00007151e+02 2.99993732e+02
 2.99986013e+02]"
618,6.44766392554634,13.012538773096127,"[1.00006761e+02 1.93468150e-01 3.21175095e-01 9.72931674e-01
 9.99957383e+01 3.94859637e-01 4.07505570e-01 6.09227437e-01
 9.99852936e+01 3.72454218e-01 3.62910791e-01 6.27445709e-01
 1.00019963e+02 3.37378465e-01 3.82061955e-01 5.67739196e-01
 1.00012845e+02 3.75025552e-01 4.74469139e-01 2.32820832e-01
 9.99773174e+01 5.55127297e-01 5.89389281e-01 2.81439472e-03
 5.16833346e+02 2.99998756e+02 3.00006991e+02 2.99994043e+02
 2.99985871e+02]"
619,6.439380245074336,20.793850020754995,"[1.00006673e+02 1.93795450e-01 3.20991467e-01 9.71845245e-01
 9.99956502e+01 3.95924259e-01 4.06917231e-01 6.07695592e-01
 9.99865136e+01 3.72368658e-01 3.62879994e-01 6.27589344e-01
 1.00019610e+02 3.37261030e-01 3.82073974e-01 5.67583321e-01
 1.00013289e+02 3.74622858e-01 4.73618644e-01 2.33441174e-01
 9.99772089e+01 5.54498349e-01 5.89119104e-01 2.15762771e-03
 5.16832236e+02 2.99998427e+02 3.00006924e+02 2.99994657e+02
 2.99985903e+02]"
620,6.439380245074336,64.26753839252046,"[1.00006673e+02 1.93795450e-01 3.20991467e-01 9.71845245e-01
 9.99956502e+01 3.95924259e-01 4.06917231e-01 6.07695592e-01
 9.99865136e+01 3.72368658e-01 3.62879994e-01 6.27589344e-01
 1.00019610e+02 3.37261030e-01 3.82073974e-01 5.67583321e-01
 1.00013289e+02 3.74622858e-01 4.73618644e-01 2.33441174e-01
 9.99772089e+01 5.54498349e-01 5.89119104e-01 2.15762771e-03
 5.16832236e+02 2.99998427e+02 3.00006924e+02 2.99994657e+02
 2.99985903e+02]"
621,6.437070398843645,69.33047777028926,"[1.00006654e+02 1.93543779e-01 3.20769017e-01 9.71818999e-01
 9.99955226e+01 3.95784833e-01 4.06929622e-01 6.07502460e-01
 9.99861755e+01 3.72357110e-01 3.63073487e-01 6.27721152e-01
 1.00019815e+02 3.37307137e-01 3.82128192e-01 5.67543951e-01
 1.00013109e+02 3.74599121e-01 4.73573899e-01 2.33535615e-01
 9.99772578e+01 5.54445944e-01 5.88716401e-01 2.24473495e-03
 5.16832068e+02 2.99998399e+02 3.00006946e+02 2.99994831e+02
 2.99985932e+02]"
622,6.437070398843645,46.4559665530625,"[1.00006654e+02 1.93543779e-01 3.20769017e-01 9.71818999e-01
 9.99955226e+01 3.95784833e-01 4.06929622e-01 6.07502460e-01
 9.99861755e+01 3.72357110e-01 3.63073487e-01 6.27721152e-01
 1.00019815e+02 3.37307137e-01 3.82128192e-01 5.67543951e-01
 1.00013109e+02 3.74599121e-01 4.73573899e-01 2.33535615e-01
 9.99772578e+01 5.54445944e-01 5.88716401e-01 2.24473495e-03
 5.16832068e+02 2.99998399e+02 3.00006946e+02 2.99994831e+02
 2.99985932e+02]"
623,6.43684782900904,43.47910908895013,"[1.00006656e+02 1.93509613e-01 3.20792869e-01 9.71805879e-01
 9.99955354e+01 3.95798148e-01 4.06978464e-01 6.07456356e-01
 9.99861921e+01 3.72389807e-01 3.63087220e-01 6.27735095e-01
 1.00019832e+02 3.37274260e-01 3.82133536e-01 5.67448989e-01
 1.00013105e+02 3.74606278e-01 4.73568231e-01 2.33574052e-01
 9.99772439e+01 5.54447849e-01 5.88790304e-01 2.30946822e-03
 5.16832000e+02 2.99998367e+02 3.00006877e+02 2.99994825e+02
 2.99985977e+02]"
624,6.436825638601461,54.51915753738853,"[1.00006651e+02 1.93491444e-01 3.20744496e-01 9.71789486e-01
 9.99955017e+01 3.95778018e-01 4.07018990e-01 6.07456143e-01
 9.99862327e+01 3.72364405e-01 3.63150454e-01 6.27696581e-01
 1.00019791e+02 3.37312532e-01 3.82048843e-01 5.67428299e-01
 1.00013132e+02 3.74640490e-01 4.73483026e-01 2.33573515e-01
 9.99771870e+01 5.54447862e-01 5.88785017e-01 2.30508260e-03
 5.16832048e+02 2.99998326e+02 3.00006861e+02 2.99994862e+02
 2.99985986e+02]"
625,6.436068056281407,52.88730544655999,"[1.00006656e+02 1.93487441e-01 3.20704089e-01 9.71809555e-01
 9.99954949e+01 3.95766286e-01 4.06946686e-01 6.07417362e-01
 9.99862221e+01 3.72352208e-01 3.63127724e-01 6.27644091e-01
 1.00019770e+02 3.37244409e-01 3.82002440e-01 5.67400241e-01
 1.00013154e+02 3.74704314e-01 4.73555776e-01 2.33602402e-01
 9.99771760e+01 5.54514203e-01 5.88781100e-01 2.30609113e-03
 5.16832050e+02 2.99998369e+02 3.00006815e+02 2.99994902e+02
 2.99985947e+02]"
626,6.433713719384618,12.806897927922508,"[1.00006655e+02 1.93524318e-01 3.20693078e-01 9.71818397e-01
 9.99955041e+01 3.95748604e-01 4.06902714e-01 6.07320866e-01
 9.99862164e+01 3.72325754e-01 3.63081356e-01 6.27510607e-01
 1.00019774e+02 3.37297551e-01 3.82027492e-01 5.67355103e-01
 1.00013154e+02 3.74713519e-01 4.73546852e-01 2.33626395e-01
 9.99771770e+01 5.54472811e-01 5.88758749e-01 2.32532371e-03
 5.16832045e+02 2.99998370e+02 3.00006817e+02 2.99994903e+02
 2.99985949e+02]"
627,6.429968927252197,11.17283300431447,"[1.00006635e+02 1.93554044e-01 3.20669186e-01 9.71843320e-01
 9.99955052e+01 3.95762836e-01 4.06830424e-01 6.07173535e-01
 9.99862238e+01 3.72377566e-01 3.62983632e-01 6.27206342e-01
 1.00019741e+02 3.37342979e-01 3.82044915e-01 5.67218766e-01
 1.00013181e+02 3.74748485e-01 4.73556592e-01 2.33657904e-01
 9.99771812e+01 5.54409794e-01 5.88822640e-01 2.34459801e-03
 5.16832071e+02 2.99998390e+02 3.00006787e+02 2.99994937e+02
 2.99985947e+02]"
628,6.423353455271043,11.237884206907712,"[1.00006598e+02 1.93527527e-01 3.20457429e-01 9.71920924e-01
 9.99954974e+01 3.95702573e-01 4.06661429e-01 6.06820332e-01
 9.99859847e+01 3.72358782e-01 3.62814596e-01 6.26830590e-01
 1.00019782e+02 3.37484950e-01 3.82027076e-01 5.66935835e-01
 1.00013105e+02 3.74963830e-01 4.73415520e-01 2.33770800e-01
 9.99771389e+01 5.54287666e-01 5.88825273e-01 2.44878173e-03
 5.16831970e+02 2.99998394e+02 3.00006727e+02 2.99995020e+02
 2.99986053e+02]"
629,6.422554680497414,38.07172284769133,"[1.00006600e+02 1.93286754e-01 3.20416000e-01 9.71904518e-01
 9.99951937e+01 3.95696838e-01 4.06352905e-01 6.06253019e-01
 9.99861636e+01 3.71819028e-01 3.63128634e-01 6.26898131e-01
 1.00020191e+02 3.37845319e-01 3.81720608e-01 5.66851410e-01
 1.00013469e+02 3.74894996e-01 4.73477011e-01 2.34205228e-01
 9.99772608e+01 5.54017991e-01 5.89408482e-01 2.09393016e-03
 5.16831872e+02 2.99998593e+02 3.00006703e+02 2.99995586e+02
 2.99986355e+02]"
630,6.4160464469087,39.10340497020697,"[1.00006646e+02 1.93130552e-01 3.20231456e-01 9.71979638e-01
 9.99957393e+01 3.95881542e-01 4.06113988e-01 6.05849689e-01
 9.99864855e+01 3.72094850e-01 3.62965024e-01 6.26624821e-01
 1.00019903e+02 3.38267600e-01 3.80988820e-01 5.66872431e-01
 1.00012881e+02 3.74765852e-01 4.73646669e-01 2.34701357e-01
 9.99776310e+01 5.54187245e-01 5.89328888e-01 2.00063294e-03
 5.16831453e+02 2.99998778e+02 3.00006644e+02 2.99995653e+02
 2.99986294e+02]"
631,6.412718496518431,10.092677468321533,"[1.00007342e+02 1.93167308e-01 3.19986440e-01 9.72854968e-01
 9.99959316e+01 3.95750953e-01 4.05939105e-01 6.06418505e-01
 9.99859721e+01 3.72632144e-01 3.62919645e-01 6.26280801e-01
 1.00018759e+02 3.38429274e-01 3.81606616e-01 5.65487699e-01
 1.00013569e+02 3.74950485e-01 4.72812101e-01 2.34807623e-01
 9.99771972e+01 5.54757693e-01 5.89639295e-01 2.41591965e-03
 5.16830519e+02 3.00000096e+02 3.00006461e+02 2.99995537e+02
 2.99985781e+02]"
632,6.410127531742331,59.003372817222804,"[1.00007766e+02 1.92583498e-01 3.19329534e-01 9.72346954e-01
 9.99957207e+01 3.95070705e-01 4.05276924e-01 6.05425032e-01
 9.99855724e+01 3.72277463e-01 3.62340465e-01 6.26373569e-01
 1.00017145e+02 3.37870822e-01 3.82112462e-01 5.65401860e-01
 1.00012785e+02 3.75376133e-01 4.71689332e-01 2.35193821e-01
 9.99767227e+01 5.54506786e-01 5.90091898e-01 2.09493672e-03
 5.16830653e+02 3.00000810e+02 3.00005826e+02 2.99995974e+02
 2.99986042e+02]"
633,6.410127531742331,104.65199559327861,"[1.00007766e+02 1.92583498e-01 3.19329534e-01 9.72346954e-01
 9.99957207e+01 3.95070705e-01 4.05276924e-01 6.05425032e-01
 9.99855724e+01 3.72277463e-01 3.62340465e-01 6.26373569e-01
 1.00017145e+02 3.37870822e-01 3.82112462e-01 5.65401860e-01
 1.00012785e+02 3.75376133e-01 4.71689332e-01 2.35193821e-01
 9.99767227e+01 5.54506786e-01 5.90091898e-01 2.09493672e-03
 5.16830653e+02 3.00000810e+02 3.00005826e+02 2.99995974e+02
 2.99986042e+02]"
634,6.408811799264088,64.89694607776329,"[1.00007910e+02 1.92545377e-01 3.18939242e-01 9.72533251e-01
 9.99956525e+01 3.94893736e-01 4.05376849e-01 6.05383789e-01
 9.99857081e+01 3.72196474e-01 3.62215822e-01 6.26214940e-01
 1.00016991e+02 3.37870909e-01 3.82143397e-01 5.65422166e-01
 1.00013020e+02 3.75541024e-01 4.71763286e-01 2.35067759e-01
 9.99768555e+01 5.54427634e-01 5.90123970e-01 2.25269806e-03
 5.16830419e+02 3.00000617e+02 3.00005816e+02 2.99995676e+02
 2.99985991e+02]"
635,6.408811799264088,140.4006473367885,"[1.00007910e+02 1.92545377e-01 3.18939242e-01 9.72533251e-01
 9.99956525e+01 3.94893736e-01 4.05376849e-01 6.05383789e-01
 9.99857081e+01 3.72196474e-01 3.62215822e-01 6.26214940e-01
 1.00016991e+02 3.37870909e-01 3.82143397e-01 5.65422166e-01
 1.00013020e+02 3.75541024e-01 4.71763286e-01 2.35067759e-01
 9.99768555e+01 5.54427634e-01 5.90123970e-01 2.25269806e-03
 5.16830419e+02 3.00000617e+02 3.00005816e+02 2.99995676e+02
 2.99985991e+02]"
636,6.405676995967561,17.514738753262165,"[1.00007900e+02 1.92634377e-01 3.18965605e-01 9.72543126e-01
 9.99956664e+01 3.94966026e-01 4.05358389e-01 6.05350346e-01
 9.99857076e+01 3.72158117e-01 3.62144005e-01 6.26111438e-01
 1.00016989e+02 3.37856784e-01 3.82128252e-01 5.65370623e-01
 1.00012994e+02 3.75565123e-01 4.71767576e-01 2.35092609e-01
 9.99768653e+01 5.54389902e-01 5.90111413e-01 2.28458006e-03
 5.16830421e+02 3.00000599e+02 3.00005800e+02 2.99995689e+02
 2.99986028e+02]"
637,6.4021986451726205,20.25894439786149,"[1.00007884e+02 1.92778566e-01 3.18894199e-01 9.72664131e-01
 9.99956622e+01 3.95071418e-01 4.05277258e-01 6.05293787e-01
 9.99856804e+01 3.72106782e-01 3.62095988e-01 6.25921679e-01
 1.00016954e+02 3.37783638e-01 3.82178820e-01 5.65334731e-01
 1.00012871e+02 3.75566002e-01 4.71821938e-01 2.35157651e-01
 9.99768282e+01 5.54415075e-01 5.90086396e-01 2.23744035e-03
 5.16830534e+02 3.00000672e+02 3.00005886e+02 2.99995727e+02
 2.99986083e+02]"
638,6.397425387073777,18.116434846429676,"[1.00007827e+02 1.92989494e-01 3.18745436e-01 9.72589356e-01
 9.99955728e+01 3.95243237e-01 4.05076653e-01 6.05311468e-01
 9.99857886e+01 3.72082142e-01 3.61937037e-01 6.25677798e-01
 1.00017020e+02 3.37854922e-01 3.82131730e-01 5.65021000e-01
 1.00012661e+02 3.75449607e-01 4.71958672e-01 2.35088517e-01
 9.99769761e+01 5.54176552e-01 5.89977194e-01 2.45753802e-03
 5.16830637e+02 3.00000657e+02 3.00006017e+02 2.99995876e+02
 2.99986314e+02]"
639,6.394119152132387,29.146607140960434,"[1.00007649e+02 1.93175182e-01 3.18820224e-01 9.72625161e-01
 9.99952816e+01 3.95397143e-01 4.04712423e-01 6.05386735e-01
 9.99857148e+01 3.71836727e-01 3.61773007e-01 6.25008779e-01
 1.00017310e+02 3.37707464e-01 3.81909579e-01 5.64913657e-01
 1.00013074e+02 3.75390598e-01 4.72222375e-01 2.35730070e-01
 9.99766720e+01 5.54113494e-01 5.90310869e-01 2.74902000e-03
 5.16830488e+02 3.00001310e+02 3.00006388e+02 2.99995824e+02
 2.99986730e+02]"
640,6.39301373798074,34.59869919601702,"[1.00007330e+02 1.93123764e-01 3.18969518e-01 9.73059125e-01
 9.99949740e+01 3.95751356e-01 4.04491665e-01 6.05180757e-01
 9.99857049e+01 3.72230443e-01 3.61350929e-01 6.24923366e-01
 1.00016835e+02 3.38153056e-01 3.82002137e-01 5.64778625e-01
 1.00012899e+02 3.75757046e-01 4.72260203e-01 2.35642888e-01
 9.99769580e+01 5.54423592e-01 5.90284313e-01 3.25843248e-03
 5.16830876e+02 3.00001953e+02 3.00006365e+02 2.99996169e+02
 2.99986584e+02]"
641,6.3791791409165315,22.482643796180554,"[1.00007506e+02 1.92864035e-01 3.18883345e-01 9.72846166e-01
 9.99946349e+01 3.95682355e-01 4.04664643e-01 6.05051147e-01
 9.99858166e+01 3.73145204e-01 3.61000143e-01 6.24686285e-01
 1.00016934e+02 3.38062724e-01 3.82147858e-01 5.64344905e-01
 1.00012910e+02 3.75446714e-01 4.71713222e-01 2.36031619e-01
 9.99771333e+01 5.54028856e-01 5.89901624e-01 3.60826302e-03
 5.16830927e+02 3.00002245e+02 3.00006160e+02 2.99996156e+02
 2.99986761e+02]"
642,6.378361462199255,41.26511403287697,"[1.00007639e+02 1.92983144e-01 3.19326342e-01 9.72431233e-01
 9.99947739e+01 3.96039600e-01 4.05145892e-01 6.04986862e-01
 9.99869074e+01 3.73861260e-01 3.61363714e-01 6.24576490e-01
 1.00016220e+02 3.37938761e-01 3.82817450e-01 5.63977913e-01
 1.00012517e+02 3.75265547e-01 4.71648834e-01 2.37045261e-01
 9.99772912e+01 5.53145703e-01 5.90586954e-01 3.93170351e-03
 5.16830887e+02 3.00003747e+02 3.00004651e+02 2.99996424e+02
 2.99986755e+02]"
643,6.378361462199255,162.7368485082634,"[1.00007639e+02 1.92983144e-01 3.19326342e-01 9.72431233e-01
 9.99947739e+01 3.96039600e-01 4.05145892e-01 6.04986862e-01
 9.99869074e+01 3.73861260e-01 3.61363714e-01 6.24576490e-01
 1.00016220e+02 3.37938761e-01 3.82817450e-01 5.63977913e-01
 1.00012517e+02 3.75265547e-01 4.71648834e-01 2.37045261e-01
 9.99772912e+01 5.53145703e-01 5.90586954e-01 3.93170351e-03
 5.16830887e+02 3.00003747e+02 3.00004651e+02 2.99996424e+02
 2.99986755e+02]"
644,6.377183706082702,75.81756816221764,"[1.00007482e+02 1.93005609e-01 3.19359983e-01 9.72423511e-01
 9.99947188e+01 3.96023998e-01 4.05241369e-01 6.04896961e-01
 9.99867847e+01 3.73835649e-01 3.61102853e-01 6.24534301e-01
 1.00016381e+02 3.37708969e-01 3.83080076e-01 5.63716039e-01
 1.00012239e+02 3.75248734e-01 4.71857024e-01 2.37261058e-01
 9.99775110e+01 5.53302680e-01 5.90485604e-01 3.87679394e-03
 5.16830745e+02 3.00003728e+02 3.00004508e+02 2.99996270e+02
 2.99986885e+02]"
645,6.3740083848681195,162.65486010221386,"[1.00007386e+02 1.93045914e-01 3.19591040e-01 9.72609684e-01
 9.99945353e+01 3.95937244e-01 4.05502877e-01 6.04943488e-01
 9.99868825e+01 3.73749866e-01 3.60902561e-01 6.24353637e-01
 1.00016333e+02 3.38012328e-01 3.83017793e-01 5.63811432e-01
 1.00012103e+02 3.74835333e-01 4.71777020e-01 2.37285079e-01
 9.99774380e+01 5.53161001e-01 5.90520166e-01 3.68352516e-03
 5.16830758e+02 3.00003717e+02 3.00004527e+02 2.99996186e+02
 2.99986977e+02]"
646,6.365662798642966,10.808563569923235,"[1.00007380e+02 1.92944707e-01 3.19442553e-01 9.72567888e-01
 9.99945510e+01 3.95847409e-01 4.05384958e-01 6.04602102e-01
 9.99868575e+01 3.73779602e-01 3.60785805e-01 6.23782028e-01
 1.00016330e+02 3.38088792e-01 3.82994031e-01 5.63585202e-01
 1.00012069e+02 3.74989718e-01 4.71818688e-01 2.37440035e-01
 9.99774496e+01 5.52987303e-01 5.90384747e-01 3.78174346e-03
 5.16830775e+02 3.00003749e+02 3.00004548e+02 2.99996155e+02
 2.99986980e+02]"
647,6.365044627310665,37.27919258173103,"[1.00007331e+02 1.92911882e-01 3.19421904e-01 9.72197065e-01
 9.99949107e+01 3.95508767e-01 4.05318193e-01 6.04603103e-01
 9.99871775e+01 3.72961391e-01 3.61048533e-01 6.23663243e-01
 1.00016368e+02 3.38101634e-01 3.82666438e-01 5.63389928e-01
 1.00011708e+02 3.74883639e-01 4.72200172e-01 2.37514905e-01
 9.99774524e+01 5.52644973e-01 5.90430295e-01 3.92849436e-03
 5.16831216e+02 3.00004241e+02 3.00004227e+02 2.99995551e+02
 2.99986895e+02]"
648,6.365044627310665,66.02221271393437,"[1.00007331e+02 1.92911882e-01 3.19421904e-01 9.72197065e-01
 9.99949107e+01 3.95508767e-01 4.05318193e-01 6.04603103e-01
 9.99871775e+01 3.72961391e-01 3.61048533e-01 6.23663243e-01
 1.00016368e+02 3.38101634e-01 3.82666438e-01 5.63389928e-01
 1.00011708e+02 3.74883639e-01 4.72200172e-01 2.37514905e-01
 9.99774524e+01 5.52644973e-01 5.90430295e-01 3.92849436e-03
 5.16831216e+02 3.00004241e+02 3.00004227e+02 2.99995551e+02
 2.99986895e+02]"
649,6.3648104098414855,63.61676048253766,"[1.00007292e+02 1.92954343e-01 3.19398546e-01 9.72160787e-01
 9.99950091e+01 3.95477118e-01 4.05234187e-01 6.04509858e-01
 9.99872152e+01 3.72960719e-01 3.60968444e-01 6.23619057e-01
 1.00016338e+02 3.38153730e-01 3.82687545e-01 5.63501285e-01
 1.00011691e+02 3.74826975e-01 4.72236421e-01 2.37626456e-01
 9.99775708e+01 5.52586442e-01 5.90628805e-01 3.89754033e-03
 5.16831070e+02 3.00004159e+02 3.00004189e+02 2.99995534e+02
 2.99986803e+02]"
650,6.3648104098414855,82.92052663359051,"[1.00007292e+02 1.92954343e-01 3.19398546e-01 9.72160787e-01
 9.99950091e+01 3.95477118e-01 4.05234187e-01 6.04509858e-01
 9.99872152e+01 3.72960719e-01 3.60968444e-01 6.23619057e-01
 1.00016338e+02 3.38153730e-01 3.82687545e-01 5.63501285e-01
 1.00011691e+02 3.74826975e-01 4.72236421e-01 2.37626456e-01
 9.99775708e+01 5.52586442e-01 5.90628805e-01 3.89754033e-03
 5.16831070e+02 3.00004159e+02 3.00004189e+02 2.99995534e+02
 2.99986803e+02]"
651,6.36357534440511,13.150692092183142,"[1.00007288e+02 1.92917028e-01 3.19369834e-01 9.72148327e-01
 9.99950087e+01 3.95469372e-01 4.05228841e-01 6.04476276e-01
 9.99872111e+01 3.73017989e-01 3.60980536e-01 6.23578762e-01
 1.00016336e+02 3.38147974e-01 3.82673124e-01 5.63470492e-01
 1.00011695e+02 3.74820981e-01 4.72228436e-01 2.37643071e-01
 9.99775664e+01 5.52575493e-01 5.90624671e-01 3.90695423e-03
 5.16831074e+02 3.00004158e+02 3.00004187e+02 2.99995544e+02
 2.99986811e+02]"
652,6.361561206944148,12.49407357613011,"[1.00007274e+02 1.92843125e-01 3.19334815e-01 9.72125008e-01
 9.99950151e+01 3.95458297e-01 4.05218983e-01 6.04391403e-01
 9.99872093e+01 3.73124635e-01 3.61003241e-01 6.23501461e-01
 1.00016324e+02 3.38143539e-01 3.82643532e-01 5.63404491e-01
 1.00011705e+02 3.74794795e-01 4.72194949e-01 2.37672034e-01
 9.99775537e+01 5.52565386e-01 5.90625639e-01 3.93370401e-03
 5.16831058e+02 3.00004141e+02 3.00004185e+02 2.99995560e+02
 2.99986820e+02]"
653,6.357926457664038,10.666743009717752,"[1.00007302e+02 1.92769686e-01 3.19265436e-01 9.72139643e-01
 9.99949899e+01 3.95472093e-01 4.05209794e-01 6.04226526e-01
 9.99871824e+01 3.73286579e-01 3.60974745e-01 6.23255983e-01
 1.00016315e+02 3.38178630e-01 3.82656403e-01 5.63284788e-01
 1.00011733e+02 3.74789165e-01 4.72182617e-01 2.37760711e-01
 9.99775794e+01 5.52463360e-01 5.90597010e-01 3.96285086e-03
 5.16831013e+02 3.00004117e+02 3.00004184e+02 2.99995616e+02
 2.99986844e+02]"
654,6.355660481850706,13.940487847278977,"[1.00007376e+02 1.92599692e-01 3.19393834e-01 9.72086381e-01
 9.99949582e+01 3.95542710e-01 4.05286691e-01 6.04027382e-01
 9.99872694e+01 3.73448446e-01 3.61068237e-01 6.23150175e-01
 1.00016319e+02 3.38191583e-01 3.82664629e-01 5.63026914e-01
 1.00011720e+02 3.74480325e-01 4.72381711e-01 2.37889472e-01
 9.99775575e+01 5.52191407e-01 5.90727981e-01 4.16673434e-03
 5.16831043e+02 3.00004225e+02 3.00003829e+02 2.99995475e+02
 2.99986965e+02]"
655,6.355660481850706,40.69365395430011,"[1.00007376e+02 1.92599692e-01 3.19393834e-01 9.72086381e-01
 9.99949582e+01 3.95542710e-01 4.05286691e-01 6.04027382e-01
 9.99872694e+01 3.73448446e-01 3.61068237e-01 6.23150175e-01
 1.00016319e+02 3.38191583e-01 3.82664629e-01 5.63026914e-01
 1.00011720e+02 3.74480325e-01 4.72381711e-01 2.37889472e-01
 9.99775575e+01 5.52191407e-01 5.90727981e-01 4.16673434e-03
 5.16831043e+02 3.00004225e+02 3.00003829e+02 2.99995475e+02
 2.99986965e+02]"
656,6.354693647770687,42.99339859699824,"[1.00007379e+02 1.92553277e-01 3.19383426e-01 9.72026509e-01
 9.99948696e+01 3.95506916e-01 4.05149367e-01 6.03976365e-01
 9.99871065e+01 3.73344979e-01 3.61078343e-01 6.23059013e-01
 1.00016415e+02 3.38134007e-01 3.82624670e-01 5.63045088e-01
 1.00011873e+02 3.74380555e-01 4.72468084e-01 2.37877334e-01
 9.99774924e+01 5.52153730e-01 5.90735273e-01 4.22416831e-03
 5.16830953e+02 3.00004157e+02 3.00003910e+02 2.99995489e+02
 2.99987037e+02]"
657,6.352260556886543,19.897867940180266,"[1.00007355e+02 1.92563159e-01 3.19357386e-01 9.72003598e-01
 9.99949850e+01 3.95570796e-01 4.05086303e-01 6.03767960e-01
 9.99870895e+01 3.73333841e-01 3.61139777e-01 6.22934808e-01
 1.00016351e+02 3.38204972e-01 3.82707850e-01 5.62929240e-01
 1.00011915e+02 3.74442008e-01 4.72604219e-01 2.37881300e-01
 9.99775444e+01 5.52274545e-01 5.90691152e-01 4.30829707e-03
 5.16830948e+02 3.00004133e+02 3.00003922e+02 2.99995429e+02
 2.99987059e+02]"
658,6.35076688132062,33.6999043716146,"[1.00007200e+02 1.92389399e-01 3.19578786e-01 9.71911676e-01
 9.99951241e+01 3.95386529e-01 4.05098628e-01 6.03943788e-01
 9.99869530e+01 3.73312395e-01 3.61109204e-01 6.22613843e-01
 1.00016061e+02 3.38298599e-01 3.82689929e-01 5.62711029e-01
 1.00011971e+02 3.74271276e-01 4.72659309e-01 2.37984857e-01
 9.99777948e+01 5.52272993e-01 5.90721918e-01 4.25610690e-03
 5.16831017e+02 3.00004338e+02 3.00004091e+02 2.99995258e+02
 2.99987144e+02]"
659,6.349343488287492,36.50184587101139,"[1.00006983e+02 1.92255907e-01 3.19707619e-01 9.71962792e-01
 9.99950626e+01 3.95382216e-01 4.05047770e-01 6.03737442e-01
 9.99871043e+01 3.73337305e-01 3.61348020e-01 6.22445272e-01
 1.00016385e+02 3.38315090e-01 3.82696815e-01 5.62655960e-01
 1.00011973e+02 3.74267060e-01 4.72892557e-01 2.38143224e-01
 9.99778428e+01 5.52368834e-01 5.90805194e-01 4.25091844e-03
 5.16831020e+02 3.00004719e+02 3.00004203e+02 2.99995423e+02
 2.99986921e+02]"
660,6.349296730063592,46.180072889753205,"[1.00006974e+02 1.92195414e-01 3.19766125e-01 9.71797254e-01
 9.99950414e+01 3.94952358e-01 4.05289570e-01 6.03725495e-01
 9.99870833e+01 3.73329473e-01 3.61288299e-01 6.22320626e-01
 1.00016329e+02 3.38305188e-01 3.82784336e-01 5.62482642e-01
 1.00012063e+02 3.74564269e-01 4.73020244e-01 2.38306083e-01
 9.99776811e+01 5.52392709e-01 5.90891779e-01 4.55731904e-03
 5.16830944e+02 3.00004554e+02 3.00004093e+02 2.99995370e+02
 2.99986748e+02]"
661,6.340945721829812,16.66995396751863,"[1.00006879e+02 1.92406091e-01 3.19777898e-01 9.71783008e-01
 9.99950719e+01 3.95083904e-01 4.05203392e-01 6.03575800e-01
 9.99869669e+01 3.73341825e-01 3.61151373e-01 6.21813645e-01
 1.00016315e+02 3.38571077e-01 3.82903257e-01 5.62338364e-01
 1.00012058e+02 3.74364703e-01 4.72907282e-01 2.38388463e-01
 9.99777115e+01 5.52138282e-01 5.90776179e-01 4.74097924e-03
 5.16830931e+02 3.00004527e+02 3.00004022e+02 2.99995349e+02
 2.99986657e+02]"
662,6.340945721829812,45.439442675652785,"[1.00006879e+02 1.92406091e-01 3.19777898e-01 9.71783008e-01
 9.99950719e+01 3.95083904e-01 4.05203392e-01 6.03575800e-01
 9.99869669e+01 3.73341825e-01 3.61151373e-01 6.21813645e-01
 1.00016315e+02 3.38571077e-01 3.82903257e-01 5.62338364e-01
 1.00012058e+02 3.74364703e-01 4.72907282e-01 2.38388463e-01
 9.99777115e+01 5.52138282e-01 5.90776179e-01 4.74097924e-03
 5.16830931e+02 3.00004527e+02 3.00004022e+02 2.99995349e+02
 2.99986657e+02]"
663,6.340103414952389,26.60335337078202,"[1.00006882e+02 1.92386339e-01 3.19916556e-01 9.71758256e-01
 9.99951189e+01 3.95117342e-01 4.05330328e-01 6.03484446e-01
 9.99869455e+01 3.73485055e-01 3.61269574e-01 6.21737248e-01
 1.00016339e+02 3.38615147e-01 3.82955835e-01 5.62199725e-01
 1.00012092e+02 3.74184557e-01 4.72827838e-01 2.38409529e-01
 9.99776594e+01 5.52146774e-01 5.90781808e-01 4.77648827e-03
 5.16830920e+02 3.00004460e+02 3.00004071e+02 2.99995308e+02
 2.99986725e+02]"
664,6.339581590053085,45.12678377647371,"[1.00006851e+02 1.92355007e-01 3.19907765e-01 9.71832649e-01
 9.99951687e+01 3.95053735e-01 4.05327523e-01 6.03374144e-01
 9.99868104e+01 3.73482925e-01 3.61257068e-01 6.21591464e-01
 1.00016266e+02 3.38682066e-01 3.82976636e-01 5.62282151e-01
 1.00012121e+02 3.74187515e-01 4.72892864e-01 2.38478446e-01
 9.99777876e+01 5.52186592e-01 5.90971820e-01 4.67667287e-03
 5.16830907e+02 3.00004376e+02 3.00004046e+02 2.99995245e+02
 2.99986773e+02]"
665,6.338450697613605,47.3358374863329,"[1.00006819e+02 1.92392659e-01 3.19819748e-01 9.71694811e-01
 9.99952941e+01 3.95107776e-01 4.05197404e-01 6.03396557e-01
 9.99867290e+01 3.73595524e-01 3.61229645e-01 6.21544659e-01
 1.00016224e+02 3.38611106e-01 3.83104066e-01 5.62217481e-01
 1.00012191e+02 3.74207029e-01 4.72835096e-01 2.38587575e-01
 9.99777417e+01 5.52233741e-01 5.91050899e-01 4.71204900e-03
 5.16830966e+02 3.00004481e+02 3.00003964e+02 2.99995223e+02
 2.99986820e+02]"
666,6.334026746762745,12.774768195664347,"[1.00006802e+02 1.92351779e-01 3.19741620e-01 9.71676298e-01
 9.99953184e+01 3.95172165e-01 4.05188221e-01 6.03243232e-01
 9.99867278e+01 3.73629741e-01 3.61167142e-01 6.21252419e-01
 1.00016200e+02 3.38582368e-01 3.83077060e-01 5.62096608e-01
 1.00012197e+02 3.74284569e-01 4.72852215e-01 2.38682608e-01
 9.99777347e+01 5.52155520e-01 5.90997649e-01 4.76231715e-03
 5.16830968e+02 3.00004471e+02 3.00003969e+02 2.99995225e+02
 2.99986824e+02]"
667,6.331638094602698,18.992709916596905,"[1.00006720e+02 1.92335480e-01 3.19839492e-01 9.71487193e-01
 9.99953428e+01 3.94905785e-01 4.05323411e-01 6.03188182e-01
 9.99867168e+01 3.73694763e-01 3.61166279e-01 6.20974651e-01
 1.00016466e+02 3.38605254e-01 3.83232068e-01 5.62020191e-01
 1.00012327e+02 3.74378976e-01 4.72827084e-01 2.38971854e-01
 9.99776105e+01 5.52069629e-01 5.91222611e-01 4.90224638e-03
 5.16830740e+02 3.00004408e+02 3.00003924e+02 2.99995371e+02
 2.99986552e+02]"
668,6.327408760918326,31.760498322692325,"[1.00006578e+02 1.92167592e-01 3.20228722e-01 9.71661996e-01
 9.99951177e+01 3.94670737e-01 4.05683726e-01 6.03591525e-01
 9.99861521e+01 3.73925742e-01 3.61117741e-01 6.20254054e-01
 1.00016137e+02 3.38760368e-01 3.83403693e-01 5.61626817e-01
 1.00012621e+02 3.74651379e-01 4.72553745e-01 2.39212502e-01
 9.99779086e+01 5.51859737e-01 5.91090900e-01 4.50765930e-03
 5.16830825e+02 3.00004560e+02 3.00004322e+02 2.99995693e+02
 2.99986626e+02]"
669,6.324661732045045,39.280099660125806,"[1.00006178e+02 1.92285601e-01 3.20279696e-01 9.71518538e-01
 9.99949476e+01 3.94665968e-01 4.05868751e-01 6.03908233e-01
 9.99859918e+01 3.74289402e-01 3.61420489e-01 6.19712091e-01
 1.00016090e+02 3.38869155e-01 3.83067061e-01 5.61520534e-01
 1.00012659e+02 3.74549562e-01 4.72183851e-01 2.39005792e-01
 9.99775713e+01 5.51241009e-01 5.91178668e-01 4.61179477e-03
 5.16830912e+02 3.00004467e+02 3.00003759e+02 2.99995782e+02
 2.99985822e+02]"
670,6.322621132503131,68.28758050705041,"[1.00006273e+02 1.92188553e-01 3.20804606e-01 9.71789304e-01
 9.99947840e+01 3.94556799e-01 4.05400964e-01 6.04389716e-01
 9.99865405e+01 3.74487501e-01 3.61045483e-01 6.18974223e-01
 1.00016474e+02 3.39099330e-01 3.83278993e-01 5.61229771e-01
 1.00012645e+02 3.74470964e-01 4.72063275e-01 2.38832417e-01
 9.99777690e+01 5.51325213e-01 5.91415819e-01 4.57480891e-03
 5.16831199e+02 3.00004116e+02 3.00003934e+02 2.99995417e+02
 2.99985789e+02]"
671,6.321141309218088,15.966427532588067,"[1.00006413e+02 1.91486747e-01 3.21108022e-01 9.71711219e-01
 9.99949341e+01 3.94486049e-01 4.05300958e-01 6.04024213e-01
 9.99871543e+01 3.74676017e-01 3.61375343e-01 6.18528296e-01
 1.00016139e+02 3.38804471e-01 3.83423302e-01 5.61584709e-01
 1.00012863e+02 3.74736679e-01 4.72380022e-01 2.39384291e-01
 9.99777309e+01 5.51593371e-01 5.91431452e-01 4.35074253e-03
 5.16831169e+02 3.00003794e+02 3.00004062e+02 2.99995691e+02
 2.99986006e+02]"
672,6.318580578706161,57.41923518669632,"[1.00006316e+02 1.91763216e-01 3.20975321e-01 9.71634085e-01
 9.99953134e+01 3.94682475e-01 4.05190520e-01 6.04229522e-01
 9.99870261e+01 3.74560352e-01 3.61936369e-01 6.17892879e-01
 1.00016549e+02 3.38772966e-01 3.83669891e-01 5.61136873e-01
 1.00012962e+02 3.74745177e-01 4.73024169e-01 2.39544177e-01
 9.99783008e+01 5.51837677e-01 5.91595269e-01 4.19692867e-03
 5.16831529e+02 3.00003889e+02 3.00004204e+02 2.99995544e+02
 2.99985624e+02]"
673,6.314675208518588,120.58020887660179,"[1.00006236e+02 1.92074168e-01 3.21157174e-01 9.71816346e-01
 9.99953873e+01 3.95197497e-01 4.05018526e-01 6.04281745e-01
 9.99868483e+01 3.74462759e-01 3.62317023e-01 6.17660283e-01
 1.00016568e+02 3.39076970e-01 3.83532217e-01 5.61139333e-01
 1.00013281e+02 3.74803716e-01 4.72762966e-01 2.39487429e-01
 9.99784433e+01 5.51438677e-01 5.92328690e-01 4.10012987e-03
 5.16831664e+02 3.00003664e+02 3.00004348e+02 2.99996371e+02
 2.99986108e+02]"
674,6.313511829467613,146.39492921272767,"[1.00005955e+02 1.91633919e-01 3.21626964e-01 9.71300725e-01
 9.99957486e+01 3.95016162e-01 4.04896816e-01 6.04244207e-01
 9.99865267e+01 3.74447056e-01 3.62262740e-01 6.17533403e-01
 1.00017207e+02 3.39609311e-01 3.83321116e-01 5.61103486e-01
 1.00012994e+02 3.75000611e-01 4.72942634e-01 2.39430614e-01
 9.99785989e+01 5.51016322e-01 5.92131096e-01 3.55018906e-03
 5.16831488e+02 3.00003855e+02 3.00004087e+02 2.99996290e+02
 2.99986416e+02]"
675,6.313004368683874,108.58263245940289,"[1.00005403e+02 1.91857753e-01 3.22359779e-01 9.71261909e-01
 9.99961222e+01 3.95029756e-01 4.05503869e-01 6.04470110e-01
 9.99864636e+01 3.74773646e-01 3.62085734e-01 6.17151229e-01
 1.00017272e+02 3.39713818e-01 3.83301248e-01 5.61379753e-01
 1.00013162e+02 3.74676142e-01 4.72754320e-01 2.39921684e-01
 9.99788647e+01 5.51147941e-01 5.92016427e-01 4.13978397e-03
 5.16831512e+02 3.00003703e+02 3.00004092e+02 2.99996374e+02
 2.99986296e+02]"
676,6.30793386662563,12.913061294337172,"[1.00004937e+02 1.91706426e-01 3.21831237e-01 9.71317165e-01
 9.99961629e+01 3.94992625e-01 4.05373978e-01 6.04317028e-01
 9.99863446e+01 3.74897681e-01 3.62124214e-01 6.17253716e-01
 1.00017359e+02 3.39879530e-01 3.83085322e-01 5.60476219e-01
 1.00013259e+02 3.74939613e-01 4.73024113e-01 2.40239407e-01
 9.99786181e+01 5.50825411e-01 5.92034144e-01 4.77899906e-03
 5.16831984e+02 3.00003533e+02 3.00004282e+02 2.99996209e+02
 2.99985998e+02]"
677,6.30793386662563,69.38080858427179,"[1.00004937e+02 1.91706426e-01 3.21831237e-01 9.71317165e-01
 9.99961629e+01 3.94992625e-01 4.05373978e-01 6.04317028e-01
 9.99863446e+01 3.74897681e-01 3.62124214e-01 6.17253716e-01
 1.00017359e+02 3.39879530e-01 3.83085322e-01 5.60476219e-01
 1.00013259e+02 3.74939613e-01 4.73024113e-01 2.40239407e-01
 9.99786181e+01 5.50825411e-01 5.92034144e-01 4.77899906e-03
 5.16831984e+02 3.00003533e+02 3.00004282e+02 2.99996209e+02
 2.99985998e+02]"
678,6.305422279903706,74.65518493287094,"[1.00004917e+02 1.91939215e-01 3.21779358e-01 9.71178876e-01
 9.99961540e+01 3.95123117e-01 4.05195198e-01 6.04345609e-01
 9.99861002e+01 3.74719927e-01 3.62059125e-01 6.17027657e-01
 1.00017689e+02 3.39846657e-01 3.82893981e-01 5.60359904e-01
 1.00013522e+02 3.74939514e-01 4.73039756e-01 2.39965258e-01
 9.99785495e+01 5.50766011e-01 5.92242050e-01 4.93958361e-03
 5.16831933e+02 3.00003525e+02 3.00004415e+02 2.99996231e+02
 2.99986090e+02]"
679,6.305052524469716,83.16685794314365,"[1.00004934e+02 1.91792512e-01 3.21870995e-01 9.71397897e-01
 9.99960991e+01 3.95163431e-01 4.04931711e-01 6.04512795e-01
 9.99860558e+01 3.74708960e-01 3.61631441e-01 6.16908777e-01
 1.00017748e+02 3.39851706e-01 3.83083114e-01 5.60107641e-01
 1.00013491e+02 3.75088146e-01 4.72962207e-01 2.39957141e-01
 9.99787929e+01 5.50815032e-01 5.92043699e-01 4.97307349e-03
 5.16831980e+02 3.00003453e+02 3.00004650e+02 2.99996264e+02
 2.99986007e+02]"
680,6.305052524469716,69.20381466851663,"[1.00004934e+02 1.91792512e-01 3.21870995e-01 9.71397897e-01
 9.99960991e+01 3.95163431e-01 4.04931711e-01 6.04512795e-01
 9.99860558e+01 3.74708960e-01 3.61631441e-01 6.16908777e-01
 1.00017748e+02 3.39851706e-01 3.83083114e-01 5.60107641e-01
 1.00013491e+02 3.75088146e-01 4.72962207e-01 2.39957141e-01
 9.99787929e+01 5.50815032e-01 5.92043699e-01 4.97307349e-03
 5.16831980e+02 3.00003453e+02 3.00004650e+02 2.99996264e+02
 2.99986007e+02]"
681,6.3035234152917585,30.033521440162094,"[1.00004923e+02 1.91824144e-01 3.21933057e-01 9.71370048e-01
 9.99961349e+01 3.95140109e-01 4.04894327e-01 6.04491314e-01
 9.99860675e+01 3.74753116e-01 3.61656824e-01 6.16832335e-01
 1.00017764e+02 3.39889220e-01 3.83135020e-01 5.60056389e-01
 1.00013474e+02 3.75048798e-01 4.72990874e-01 2.39915036e-01
 9.99787838e+01 5.50771688e-01 5.92023547e-01 4.89532758e-03
 5.16831946e+02 3.00003502e+02 3.00004616e+02 2.99996272e+02
 2.99986020e+02]"
682,6.3014251706701305,20.823492621740204,"[1.00004900e+02 1.91893356e-01 3.21957538e-01 9.71502683e-01
 9.99961331e+01 3.95166217e-01 4.04823916e-01 6.04314248e-01
 9.99860647e+01 3.74823034e-01 3.61600590e-01 6.16722303e-01
 1.00017812e+02 3.39960051e-01 3.83179337e-01 5.60072738e-01
 1.00013517e+02 3.74879008e-01 4.72830743e-01 2.39936689e-01
 9.99788219e+01 5.50788244e-01 5.92044409e-01 4.92238232e-03
 5.16831807e+02 3.00003520e+02 3.00004623e+02 2.99996291e+02
 2.99986056e+02]"
683,6.298373430832201,16.569263289740523,"[1.00004983e+02 1.91766744e-01 3.22101000e-01 9.71390075e-01
 9.99961400e+01 3.95271678e-01 4.04683601e-01 6.04093156e-01
 9.99861316e+01 3.74895902e-01 3.61672470e-01 6.16579703e-01
 1.00018062e+02 3.40062097e-01 3.83159440e-01 5.60037304e-01
 1.00013571e+02 3.74899086e-01 4.73012407e-01 2.40015752e-01
 9.99785750e+01 5.50598071e-01 5.91695303e-01 4.98143695e-03
 5.16831481e+02 3.00003729e+02 3.00004617e+02 2.99996438e+02
 2.99986095e+02]"
684,6.294623261194375,26.478306175412534,"[1.00004588e+02 1.92027282e-01 3.21852135e-01 9.71005068e-01
 9.99965379e+01 3.95563550e-01 4.04441918e-01 6.03808115e-01
 9.99861715e+01 3.75152099e-01 3.61445355e-01 6.15990515e-01
 1.00018721e+02 3.40094750e-01 3.83141494e-01 5.60061869e-01
 1.00013352e+02 3.74899765e-01 4.73287634e-01 2.40003817e-01
 9.99790048e+01 5.50831232e-01 5.91825486e-01 4.86846122e-03
 5.16831573e+02 3.00004349e+02 3.00004296e+02 2.99996087e+02
 2.99986169e+02]"
685,6.292639871613067,108.47223986343916,"[1.00004873e+02 1.92023720e-01 3.21984849e-01 9.70419094e-01
 9.99966578e+01 3.95867929e-01 4.04591877e-01 6.03600741e-01
 9.99859453e+01 3.75201071e-01 3.62032093e-01 6.15982814e-01
 1.00019336e+02 3.40104845e-01 3.83351861e-01 5.59321532e-01
 1.00013436e+02 3.74746175e-01 4.72952518e-01 2.39920318e-01
 9.99793432e+01 5.51203006e-01 5.92013660e-01 4.70590632e-03
 5.16831292e+02 3.00004102e+02 3.00004343e+02 2.99996337e+02
 2.99985881e+02]"
686,6.281799345353597,11.95370244019208,"[1.00004568e+02 1.91949731e-01 3.21450141e-01 9.70558749e-01
 9.99968848e+01 3.95456648e-01 4.04604432e-01 6.03066656e-01
 9.99857467e+01 3.75031563e-01 3.61929876e-01 6.15743882e-01
 1.00019385e+02 3.40323997e-01 3.83330986e-01 5.58749953e-01
 1.00012900e+02 3.74881958e-01 4.72892922e-01 2.40100086e-01
 9.99791452e+01 5.50692965e-01 5.91749686e-01 4.98876643e-03
 5.16831958e+02 3.00004324e+02 3.00004415e+02 2.99996186e+02
 2.99985916e+02]"
687,6.281799345353597,45.79689817068836,"[1.00004568e+02 1.91949731e-01 3.21450141e-01 9.70558749e-01
 9.99968848e+01 3.95456648e-01 4.04604432e-01 6.03066656e-01
 9.99857467e+01 3.75031563e-01 3.61929876e-01 6.15743882e-01
 1.00019385e+02 3.40323997e-01 3.83330986e-01 5.58749953e-01
 1.00012900e+02 3.74881958e-01 4.72892922e-01 2.40100086e-01
 9.99791452e+01 5.50692965e-01 5.91749686e-01 4.98876643e-03
 5.16831958e+02 3.00004324e+02 3.00004415e+02 2.99996186e+02
 2.99985916e+02]"
688,6.281799345353597,48.359935725045354,"[1.00004568e+02 1.91949731e-01 3.21450141e-01 9.70558749e-01
 9.99968848e+01 3.95456648e-01 4.04604432e-01 6.03066656e-01
 9.99857467e+01 3.75031563e-01 3.61929876e-01 6.15743882e-01
 1.00019385e+02 3.40323997e-01 3.83330986e-01 5.58749953e-01
 1.00012900e+02 3.74881958e-01 4.72892922e-01 2.40100086e-01
 9.99791452e+01 5.50692965e-01 5.91749686e-01 4.98876643e-03
 5.16831958e+02 3.00004324e+02 3.00004415e+02 2.99996186e+02
 2.99985916e+02]"
689,6.281799345353597,56.544847938390916,"[1.00004568e+02 1.91949731e-01 3.21450141e-01 9.70558749e-01
 9.99968848e+01 3.95456648e-01 4.04604432e-01 6.03066656e-01
 9.99857467e+01 3.75031563e-01 3.61929876e-01 6.15743882e-01
 1.00019385e+02 3.40323997e-01 3.83330986e-01 5.58749953e-01
 1.00012900e+02 3.74881958e-01 4.72892922e-01 2.40100086e-01
 9.99791452e+01 5.50692965e-01 5.91749686e-01 4.98876643e-03
 5.16831958e+02 3.00004324e+02 3.00004415e+02 2.99996186e+02
 2.99985916e+02]"
690,6.281630405464157,32.63582374344155,"[1.00004564e+02 1.91941267e-01 3.21444224e-01 9.70553342e-01
 9.99968818e+01 3.95458335e-01 4.04594449e-01 6.03062720e-01
 9.99857539e+01 3.75039254e-01 3.61945005e-01 6.15726065e-01
 1.00019386e+02 3.40311393e-01 3.83319537e-01 5.58753789e-01
 1.00012887e+02 3.74888177e-01 4.72890457e-01 2.40109237e-01
 9.99791437e+01 5.50676863e-01 5.91746856e-01 4.97741749e-03
 5.16831976e+02 3.00004333e+02 3.00004401e+02 2.99996185e+02
 2.99985906e+02]"
691,6.280605494268379,10.083120804052454,"[1.00004561e+02 1.91935022e-01 3.21421444e-01 9.70550117e-01
 9.99968862e+01 3.95434680e-01 4.04575006e-01 6.03010166e-01
 9.99857532e+01 3.75058316e-01 3.61939228e-01 6.15665150e-01
 1.00019386e+02 3.40325834e-01 3.83321549e-01 5.58722520e-01
 1.00012887e+02 3.74884404e-01 4.72882389e-01 2.40120459e-01
 9.99791442e+01 5.50654722e-01 5.91734569e-01 4.99324171e-03
 5.16831975e+02 3.00004334e+02 3.00004401e+02 2.99996185e+02
 2.99985906e+02]"
692,6.278608645397172,9.54690283696734,"[1.00004557e+02 1.91916957e-01 3.21369547e-01 9.70540493e-01
 9.99968959e+01 3.95396430e-01 4.04543355e-01 6.02906891e-01
 9.99857522e+01 3.75087050e-01 3.61927464e-01 6.15537848e-01
 1.00019389e+02 3.40357691e-01 3.83318473e-01 5.58661106e-01
 1.00012888e+02 3.74875294e-01 4.72868265e-01 2.40140415e-01
 9.99791488e+01 5.50608472e-01 5.91711321e-01 5.02316195e-03
 5.16831965e+02 3.00004334e+02 3.00004397e+02 2.99996188e+02
 2.99985903e+02]"
693,6.274902874846269,10.252090742520881,"[1.00004532e+02 1.91879164e-01 3.21260046e-01 9.70458297e-01
 9.99968898e+01 3.95335660e-01 4.04489969e-01 6.02729534e-01
 9.99857555e+01 3.75115113e-01 3.61917978e-01 6.15272261e-01
 1.00019361e+02 3.40340078e-01 3.83314272e-01 5.58535726e-01
 1.00012841e+02 3.74847450e-01 4.72822584e-01 2.40169774e-01
 9.99791337e+01 5.50488254e-01 5.91676472e-01 5.04785379e-03
 5.16831963e+02 3.00004346e+02 3.00004382e+02 2.99996221e+02
 2.99985896e+02]"
694,6.2728489244709635,22.449865491565323,"[1.00004463e+02 1.91790173e-01 3.21310942e-01 9.70160164e-01
 9.99970198e+01 3.95269172e-01 4.04241560e-01 6.02704600e-01
 9.99857405e+01 3.75210983e-01 3.61957993e-01 6.15103603e-01
 1.00019463e+02 3.40306303e-01 3.83400201e-01 5.58437081e-01
 1.00012597e+02 3.74722417e-01 4.72969137e-01 2.40145523e-01
 9.99791176e+01 5.50415390e-01 5.91407680e-01 5.06531904e-03
 5.16831724e+02 3.00004721e+02 3.00004238e+02 2.99996380e+02
 2.99985991e+02]"
695,6.268879063075665,29.862646361255745,"[1.00004208e+02 1.91923007e-01 3.20997652e-01 9.70824037e-01
 9.99972940e+01 3.95572118e-01 4.04102805e-01 6.02534601e-01
 9.99858263e+01 3.75200181e-01 3.61922935e-01 6.15198954e-01
 1.00019676e+02 3.40364155e-01 3.83619902e-01 5.58009954e-01
 1.00011790e+02 3.74227533e-01 4.72983726e-01 2.40616012e-01
 9.99791555e+01 5.49741698e-01 5.91400319e-01 5.22133219e-03
 5.16831695e+02 3.00004716e+02 3.00004171e+02 2.99996412e+02
 2.99985986e+02]"
696,6.266866591155448,11.239222493623883,"[1.00003964e+02 1.92114641e-01 3.20660900e-01 9.70408015e-01
 9.99979374e+01 3.95480699e-01 4.04107150e-01 6.02415617e-01
 9.99861074e+01 3.75003063e-01 3.62005390e-01 6.14502418e-01
 1.00019911e+02 3.40151700e-01 3.83373517e-01 5.58203794e-01
 1.00012032e+02 3.74747920e-01 4.73258092e-01 2.40591101e-01
 9.99789895e+01 5.49998200e-01 5.91241422e-01 4.91781040e-03
 5.16831085e+02 3.00004830e+02 3.00003990e+02 2.99996383e+02
 2.99985713e+02]"
697,6.266866591155448,94.68419447438558,"[1.00003964e+02 1.92114641e-01 3.20660900e-01 9.70408015e-01
 9.99979374e+01 3.95480699e-01 4.04107150e-01 6.02415617e-01
 9.99861074e+01 3.75003063e-01 3.62005390e-01 6.14502418e-01
 1.00019911e+02 3.40151700e-01 3.83373517e-01 5.58203794e-01
 1.00012032e+02 3.74747920e-01 4.73258092e-01 2.40591101e-01
 9.99789895e+01 5.49998200e-01 5.91241422e-01 4.91781040e-03
 5.16831085e+02 3.00004830e+02 3.00003990e+02 2.99996383e+02
 2.99985713e+02]"
698,6.2657168815039075,46.43786557530523,"[1.00003923e+02 1.92144810e-01 3.20476977e-01 9.70408697e-01
 9.99978859e+01 3.95459039e-01 4.04032199e-01 6.02405276e-01
 9.99862048e+01 3.75086409e-01 3.62053460e-01 6.14481058e-01
 1.00019887e+02 3.40248343e-01 3.83340772e-01 5.58029981e-01
 1.00012043e+02 3.74751834e-01 4.73372844e-01 2.40418506e-01
 9.99789783e+01 5.50052410e-01 5.91160117e-01 4.88860059e-03
 5.16831119e+02 3.00004823e+02 3.00003946e+02 2.99996291e+02
 2.99985704e+02]"
699,6.2657168815039075,42.25795414949186,"[1.00003923e+02 1.92144810e-01 3.20476977e-01 9.70408697e-01
 9.99978859e+01 3.95459039e-01 4.04032199e-01 6.02405276e-01
 9.99862048e+01 3.75086409e-01 3.62053460e-01 6.14481058e-01
 1.00019887e+02 3.40248343e-01 3.83340772e-01 5.58029981e-01
 1.00012043e+02 3.74751834e-01 4.73372844e-01 2.40418506e-01
 9.99789783e+01 5.50052410e-01 5.91160117e-01 4.88860059e-03
 5.16831119e+02 3.00004823e+02 3.00003946e+02 2.99996291e+02
 2.99985704e+02]"
700,6.265701309487704,60.83856307092998,"[1.00003916e+02 1.92165193e-01 3.20493678e-01 9.70428985e-01
 9.99978789e+01 3.95408429e-01 4.04031094e-01 6.02382845e-01
 9.99861818e+01 3.75071156e-01 3.62068194e-01 6.14479475e-01
 1.00019870e+02 3.40258134e-01 3.83360883e-01 5.58022061e-01
 1.00012041e+02 3.74772387e-01 4.73373702e-01 2.40418182e-01
 9.99789576e+01 5.50026838e-01 5.91123104e-01 4.86243654e-03
 5.16831120e+02 3.00004842e+02 3.00003952e+02 2.99996291e+02
 2.99985679e+02]"
701,6.264157658602567,16.20726773240728,"[1.00003916e+02 1.92148408e-01 3.20472395e-01 9.70423624e-01
 9.99978826e+01 3.95405733e-01 4.04026797e-01 6.02353980e-01
 9.99861818e+01 3.75069432e-01 3.62054672e-01 6.14431531e-01
 1.00019870e+02 3.40311876e-01 3.83385250e-01 5.58013040e-01
 1.00012039e+02 3.74731284e-01 4.73344169e-01 2.40411715e-01
 9.99789556e+01 5.50016715e-01 5.91121073e-01 4.87914164e-03
 5.16831121e+02 3.00004842e+02 3.00003952e+02 2.99996292e+02
 2.99985677e+02]"
702,6.261757730390907,13.061713163002766,"[1.00003914e+02 1.92145282e-01 3.20437137e-01 9.70412094e-01
 9.99978936e+01 3.95385350e-01 4.04004452e-01 6.02287592e-01
 9.99861762e+01 3.75071384e-01 3.62023807e-01 6.14332305e-01
 1.00019866e+02 3.40414680e-01 3.83430980e-01 5.57976945e-01
 1.00012038e+02 3.74655888e-01 4.73283297e-01 2.40394849e-01
 9.99789484e+01 5.50002144e-01 5.91124625e-01 4.90832724e-03
 5.16831121e+02 3.00004841e+02 3.00003951e+02 2.99996292e+02
 2.99985659e+02]"
703,6.2580751412347455,11.745649493020704,"[1.00003915e+02 1.92147903e-01 3.20380423e-01 9.70364028e-01
 9.99979147e+01 3.95400820e-01 4.03965064e-01 6.02173002e-01
 9.99861286e+01 3.75144963e-01 3.61964373e-01 6.14067383e-01
 1.00019881e+02 3.40531395e-01 3.83477738e-01 5.57819546e-01
 1.00012010e+02 3.74563037e-01 4.73234130e-01 2.40436807e-01
 9.99789129e+01 5.49949907e-01 5.91182278e-01 4.97322046e-03
 5.16831119e+02 3.00004859e+02 3.00003942e+02 2.99996335e+02
 2.99985634e+02]"
704,6.255560772780533,20.313222988172672,"[1.00003915e+02 1.92295837e-01 3.20109710e-01 9.70455913e-01
 9.99980985e+01 3.95269078e-01 4.04174997e-01 6.02114360e-01
 9.99862515e+01 3.75061627e-01 3.61898081e-01 6.13700846e-01
 1.00019777e+02 3.40503900e-01 3.83473991e-01 5.57730885e-01
 1.00012053e+02 3.74565459e-01 4.73134595e-01 2.40497424e-01
 9.99787663e+01 5.49930007e-01 5.91303365e-01 4.98257596e-03
 5.16830895e+02 3.00004586e+02 3.00004001e+02 2.99996136e+02
 2.99985349e+02]"
705,6.255560772780533,35.2373916164567,"[1.00003915e+02 1.92295837e-01 3.20109710e-01 9.70455913e-01
 9.99980985e+01 3.95269078e-01 4.04174997e-01 6.02114360e-01
 9.99862515e+01 3.75061627e-01 3.61898081e-01 6.13700846e-01
 1.00019777e+02 3.40503900e-01 3.83473991e-01 5.57730885e-01
 1.00012053e+02 3.74565459e-01 4.73134595e-01 2.40497424e-01
 9.99787663e+01 5.49930007e-01 5.91303365e-01 4.98257596e-03
 5.16830895e+02 3.00004586e+02 3.00004001e+02 2.99996136e+02
 2.99985349e+02]"
706,6.254646941945576,30.35276282541383,"[1.00003920e+02 1.92350706e-01 3.20116516e-01 9.70453643e-01
 9.99981522e+01 3.95238024e-01 4.04038450e-01 6.02043339e-01
 9.99863297e+01 3.75130738e-01 3.61860126e-01 6.13542184e-01
 1.00019653e+02 3.40566742e-01 3.83343242e-01 5.57842937e-01
 1.00012167e+02 3.74484561e-01 4.73116401e-01 2.40551500e-01
 9.99787575e+01 5.49935965e-01 5.91345148e-01 4.94507348e-03
 5.16830885e+02 3.00004676e+02 3.00003879e+02 2.99996164e+02
 2.99985287e+02]"
707,6.252968222657782,27.489713053111945,"[1.00003972e+02 1.92262634e-01 3.20127802e-01 9.70450514e-01
 9.99981998e+01 3.95222187e-01 4.03964335e-01 6.01912222e-01
 9.99862005e+01 3.75147220e-01 3.61769090e-01 6.13463552e-01
 1.00019587e+02 3.40542055e-01 3.83419792e-01 5.57716299e-01
 1.00012145e+02 3.74457329e-01 4.73140335e-01 2.40519387e-01
 9.99789431e+01 5.49915446e-01 5.91338042e-01 4.84499329e-03
 5.16830759e+02 3.00004593e+02 3.00003823e+02 2.99996206e+02
 2.99985248e+02]"
708,6.25060686215827,34.67102689285706,"[1.00003954e+02 1.92113977e-01 3.20007728e-01 9.70577398e-01
 9.99982968e+01 3.95130234e-01 4.03742768e-01 6.01921292e-01
 9.99859933e+01 3.75089411e-01 3.61444889e-01 6.13258905e-01
 1.00019558e+02 3.40529119e-01 3.83241629e-01 5.57692596e-01
 1.00012014e+02 3.74307865e-01 4.73220322e-01 2.40601440e-01
 9.99788341e+01 5.49878765e-01 5.91095273e-01 4.86484401e-03
 5.16831091e+02 3.00004596e+02 3.00004067e+02 2.99996205e+02
 2.99985041e+02]"
709,6.2474219615068165,36.701450649926514,"[1.00003877e+02 1.91970006e-01 3.19844427e-01 9.70574660e-01
 9.99984793e+01 3.95159938e-01 4.03785134e-01 6.01530966e-01
 9.99858570e+01 3.75045113e-01 3.61555807e-01 6.13422273e-01
 1.00019400e+02 3.40574942e-01 3.83037230e-01 5.57417272e-01
 1.00012033e+02 3.74244365e-01 4.73004278e-01 2.40877696e-01
 9.99786691e+01 5.49987510e-01 5.91145848e-01 4.84632828e-03
 5.16831161e+02 3.00004815e+02 3.00003995e+02 2.99996145e+02
 2.99984956e+02]"
710,6.245950750229931,43.02123516977374,"[1.00003478e+02 1.91953629e-01 3.19658630e-01 9.70595952e-01
 9.99986632e+01 3.94939277e-01 4.03347799e-01 6.01278611e-01
 9.99860814e+01 3.75083966e-01 3.60671655e-01 6.13663350e-01
 1.00019689e+02 3.40868046e-01 3.83050409e-01 5.57143268e-01
 1.00011955e+02 3.74780770e-01 4.72378478e-01 2.40986941e-01
 9.99786919e+01 5.49657659e-01 5.91210383e-01 4.83305716e-03
 5.16831181e+02 3.00005147e+02 3.00003914e+02 2.99996340e+02
 2.99984635e+02]"
711,6.236351248742602,15.946847009344062,"[1.00003443e+02 1.91828643e-01 3.19060197e-01 9.70668723e-01
 9.99991327e+01 3.94882932e-01 4.03407895e-01 6.00919991e-01
 9.99867106e+01 3.75446211e-01 3.60880712e-01 6.13071992e-01
 1.00019756e+02 3.40559878e-01 3.83317330e-01 5.56695168e-01
 1.00011995e+02 3.75157083e-01 4.72217748e-01 2.40967321e-01
 9.99788033e+01 5.49576166e-01 5.90962738e-01 5.29522376e-03
 5.16831611e+02 3.00005252e+02 3.00003987e+02 2.99996152e+02
 2.99984727e+02]"
712,6.236351248742602,100.99221639887669,"[1.00003443e+02 1.91828643e-01 3.19060197e-01 9.70668723e-01
 9.99991327e+01 3.94882932e-01 4.03407895e-01 6.00919991e-01
 9.99867106e+01 3.75446211e-01 3.60880712e-01 6.13071992e-01
 1.00019756e+02 3.40559878e-01 3.83317330e-01 5.56695168e-01
 1.00011995e+02 3.75157083e-01 4.72217748e-01 2.40967321e-01
 9.99788033e+01 5.49576166e-01 5.90962738e-01 5.29522376e-03
 5.16831611e+02 3.00005252e+02 3.00003987e+02 2.99996152e+02
 2.99984727e+02]"
713,6.236351248742602,92.13980607479671,"[1.00003443e+02 1.91828643e-01 3.19060197e-01 9.70668723e-01
 9.99991327e+01 3.94882932e-01 4.03407895e-01 6.00919991e-01
 9.99867106e+01 3.75446211e-01 3.60880712e-01 6.13071992e-01
 1.00019756e+02 3.40559878e-01 3.83317330e-01 5.56695168e-01
 1.00011995e+02 3.75157083e-01 4.72217748e-01 2.40967321e-01
 9.99788033e+01 5.49576166e-01 5.90962738e-01 5.29522376e-03
 5.16831611e+02 3.00005252e+02 3.00003987e+02 2.99996152e+02
 2.99984727e+02]"
714,6.236210814894102,71.73343169888359,"[1.00003435e+02 1.91762987e-01 3.19035015e-01 9.70699951e-01
 9.99991355e+01 3.94890505e-01 4.03410549e-01 6.00904802e-01
 9.99867139e+01 3.75450919e-01 3.60840968e-01 6.13090604e-01
 1.00019790e+02 3.40583028e-01 3.83306262e-01 5.56647133e-01
 1.00012108e+02 3.75094602e-01 4.72259901e-01 2.40926551e-01
 9.99788098e+01 5.49537453e-01 5.90994677e-01 5.35436780e-03
 5.16831600e+02 3.00005223e+02 3.00003975e+02 2.99996115e+02
 2.99984769e+02]"
715,6.234951605156788,69.7665446155171,"[1.00003426e+02 1.91805593e-01 3.19023872e-01 9.70647347e-01
 9.99991480e+01 3.94927721e-01 4.03404982e-01 6.00867369e-01
 9.99867477e+01 3.75492527e-01 3.60798923e-01 6.13070087e-01
 1.00019732e+02 3.40627186e-01 3.83337004e-01 5.56656517e-01
 1.00012108e+02 3.74993862e-01 4.72202020e-01 2.40872622e-01
 9.99787903e+01 5.49564385e-01 5.90998248e-01 5.33166498e-03
 5.16831670e+02 3.00005199e+02 3.00003984e+02 2.99996121e+02
 2.99984772e+02]"
716,6.232608265719202,13.964102289774692,"[1.00003435e+02 1.91890795e-01 3.19029297e-01 9.70655526e-01
 9.99991692e+01 3.94944334e-01 4.03377802e-01 6.00777709e-01
 9.99867504e+01 3.75516397e-01 3.60765406e-01 6.12949950e-01
 1.00019718e+02 3.40655332e-01 3.83349455e-01 5.56607588e-01
 1.00012120e+02 3.74938866e-01 4.72184660e-01 2.40879570e-01
 9.99787975e+01 5.49534766e-01 5.90992776e-01 5.36087756e-03
 5.16831689e+02 3.00005211e+02 3.00003997e+02 2.99996130e+02
 2.99984764e+02]"
717,6.228906138006467,11.657664930001502,"[1.00003429e+02 1.91964801e-01 3.19011823e-01 9.70644915e-01
 9.99991772e+01 3.94984693e-01 4.03289283e-01 6.00623227e-01
 9.99867293e+01 3.75555927e-01 3.60657351e-01 6.12704003e-01
 1.00019730e+02 3.40712389e-01 3.83322280e-01 5.56461085e-01
 1.00012161e+02 3.74837243e-01 4.72159476e-01 2.40915391e-01
 9.99788158e+01 5.49445433e-01 5.90968710e-01 5.44280742e-03
 5.16831643e+02 3.00005216e+02 3.00003996e+02 2.99996120e+02
 2.99984773e+02]"
718,6.224585437972953,18.733575344211623,"[1.00003219e+02 1.92038414e-01 3.18793008e-01 9.70719554e-01
 9.99993695e+01 3.94902448e-01 4.03374193e-01 6.00526855e-01
 9.99868174e+01 3.75585897e-01 3.60618971e-01 6.12367578e-01
 1.00019506e+02 3.40652000e-01 3.83412574e-01 5.56194032e-01
 1.00012171e+02 3.74665395e-01 4.71999826e-01 2.40918448e-01
 9.99788687e+01 5.49221674e-01 5.91078352e-01 5.45521725e-03
 5.16831764e+02 3.00004896e+02 3.00003983e+02 2.99995993e+02
 2.99984670e+02]"
719,6.221906477548394,25.194840567824624,"[1.00003095e+02 1.92000452e-01 3.18512467e-01 9.70607178e-01
 9.99997963e+01 3.95192737e-01 4.02893311e-01 6.00252806e-01
 9.99873097e+01 3.75782385e-01 3.60713691e-01 6.12542660e-01
 1.00019183e+02 3.40589028e-01 3.83192285e-01 5.56130876e-01
 1.00012578e+02 3.74371097e-01 4.72077993e-01 2.41155609e-01
 9.99788654e+01 5.48892964e-01 5.90553140e-01 5.75838941e-03
 5.16832376e+02 3.00005303e+02 3.00003735e+02 2.99996137e+02
 2.99984267e+02]"
720,6.2200819907794305,80.85023716800245,"[1.00002907e+02 1.91972576e-01 3.18079509e-01 9.71088346e-01
 9.99999144e+01 3.94982612e-01 4.02606740e-01 5.99800312e-01
 9.99880329e+01 3.75728316e-01 3.60295150e-01 6.12415415e-01
 1.00019032e+02 3.40567653e-01 3.83226420e-01 5.56232596e-01
 1.00012557e+02 3.73984457e-01 4.72301134e-01 2.40955148e-01
 9.99790895e+01 5.49147089e-01 5.90574209e-01 5.57631086e-03
 5.16832433e+02 3.00005765e+02 3.00003715e+02 2.99995379e+02
 2.99984336e+02]"
721,6.210425241040016,17.04384464872956,"[1.00003274e+02 1.91946032e-01 3.18211181e-01 9.70887785e-01
 1.00000060e+02 3.95153004e-01 4.02377906e-01 5.99619808e-01
 9.99878630e+01 3.75937821e-01 3.59438520e-01 6.11867391e-01
 1.00019043e+02 3.40664093e-01 3.82872073e-01 5.56073153e-01
 1.00012213e+02 3.74112114e-01 4.72344665e-01 2.41008369e-01
 9.99789159e+01 5.48717882e-01 5.90199031e-01 5.95864709e-03
 5.16832944e+02 3.00005955e+02 3.00003720e+02 2.99995783e+02
 2.99984139e+02]"
722,6.210425241040016,71.95406020695143,"[1.00003274e+02 1.91946032e-01 3.18211181e-01 9.70887785e-01
 1.00000060e+02 3.95153004e-01 4.02377906e-01 5.99619808e-01
 9.99878630e+01 3.75937821e-01 3.59438520e-01 6.11867391e-01
 1.00019043e+02 3.40664093e-01 3.82872073e-01 5.56073153e-01
 1.00012213e+02 3.74112114e-01 4.72344665e-01 2.41008369e-01
 9.99789159e+01 5.48717882e-01 5.90199031e-01 5.95864709e-03
 5.16832944e+02 3.00005955e+02 3.00003720e+02 2.99995783e+02
 2.99984139e+02]"
723,6.210195750916586,52.65113371384266,"[1.00003266e+02 1.92042564e-01 3.18122414e-01 9.70841073e-01
 1.00000090e+02 3.95266424e-01 4.02236930e-01 5.99549118e-01
 9.99880809e+01 3.76077898e-01 3.59498331e-01 6.11704250e-01
 1.00018945e+02 3.40700117e-01 3.82968685e-01 5.56453734e-01
 1.00012394e+02 3.74195592e-01 4.72030988e-01 2.40988662e-01
 9.99788249e+01 5.48659507e-01 5.90111142e-01 6.09749524e-03
 5.16833245e+02 3.00006075e+02 3.00003818e+02 2.99995947e+02
 2.99984351e+02]"
724,6.209301428530572,60.96063648711866,"[1.00003255e+02 1.92003317e-01 3.17897180e-01 9.70747740e-01
 1.00000305e+02 3.95358586e-01 4.02396180e-01 5.99437627e-01
 9.99882326e+01 3.76300061e-01 3.59708324e-01 6.11704517e-01
 1.00019237e+02 3.40867142e-01 3.82834222e-01 5.56278109e-01
 1.00012201e+02 3.73946651e-01 4.72100424e-01 2.40947402e-01
 9.99786960e+01 5.48834382e-01 5.90199349e-01 6.25882507e-03
 5.16833492e+02 3.00006018e+02 3.00003835e+02 2.99995972e+02
 2.99984334e+02]"
725,6.209301428530572,43.89300329904509,"[1.00003255e+02 1.92003317e-01 3.17897180e-01 9.70747740e-01
 1.00000305e+02 3.95358586e-01 4.02396180e-01 5.99437627e-01
 9.99882326e+01 3.76300061e-01 3.59708324e-01 6.11704517e-01
 1.00019237e+02 3.40867142e-01 3.82834222e-01 5.56278109e-01
 1.00012201e+02 3.73946651e-01 4.72100424e-01 2.40947402e-01
 9.99786960e+01 5.48834382e-01 5.90199349e-01 6.25882507e-03
 5.16833492e+02 3.00006018e+02 3.00003835e+02 2.99995972e+02
 2.99984334e+02]"
726,6.208220679852942,22.276169313885717,"[1.00003252e+02 1.91933865e-01 3.17846250e-01 9.70751115e-01
 1.00000230e+02 3.95307412e-01 4.02380251e-01 5.99359313e-01
 9.99882503e+01 3.76321224e-01 3.59704666e-01 6.11638689e-01
 1.00019239e+02 3.40838493e-01 3.82801532e-01 5.56262277e-01
 1.00012158e+02 3.73974813e-01 4.72122945e-01 2.40959387e-01
 9.99787124e+01 5.48784501e-01 5.90272225e-01 6.24193256e-03
 5.16833475e+02 3.00006017e+02 3.00003813e+02 2.99995961e+02
 2.99984364e+02]"
727,6.206575211734213,23.68150263950483,"[1.00003243e+02 1.91878468e-01 3.17845187e-01 9.70698009e-01
 1.00000194e+02 3.95427823e-01 4.02334100e-01 5.99160596e-01
 9.99883059e+01 3.76391948e-01 3.59679955e-01 6.11692917e-01
 1.00019149e+02 3.40931384e-01 3.82797379e-01 5.56139564e-01
 1.00012132e+02 3.74115067e-01 4.72190140e-01 2.41075858e-01
 9.99786921e+01 5.48813894e-01 5.90167503e-01 6.21132472e-03
 5.16833431e+02 3.00006084e+02 3.00003788e+02 2.99995987e+02
 2.99984293e+02]"
728,6.205018779885269,40.43805663487096,"[1.00003288e+02 1.91817112e-01 3.18106196e-01 9.70478473e-01
 1.00000459e+02 3.95450201e-01 4.02410113e-01 5.99287476e-01
 9.99882755e+01 3.76549563e-01 3.59353972e-01 6.11546168e-01
 1.00019156e+02 3.40963244e-01 3.82641870e-01 5.56140950e-01
 1.00012041e+02 3.74322327e-01 4.72325959e-01 2.41246036e-01
 9.99786792e+01 5.48525289e-01 5.90188290e-01 6.39747355e-03
 5.16833673e+02 3.00006045e+02 3.00003748e+02 2.99996081e+02
 2.99984347e+02]"
729,6.205018779885269,67.07412359195168,"[1.00003288e+02 1.91817112e-01 3.18106196e-01 9.70478473e-01
 1.00000459e+02 3.95450201e-01 4.02410113e-01 5.99287476e-01
 9.99882755e+01 3.76549563e-01 3.59353972e-01 6.11546168e-01
 1.00019156e+02 3.40963244e-01 3.82641870e-01 5.56140950e-01
 1.00012041e+02 3.74322327e-01 4.72325959e-01 2.41246036e-01
 9.99786792e+01 5.48525289e-01 5.90188290e-01 6.39747355e-03
 5.16833673e+02 3.00006045e+02 3.00003748e+02 2.99996081e+02
 2.99984347e+02]"
730,6.203520693455455,18.98666442537643,"[1.00003283e+02 1.91839964e-01 3.18095902e-01 9.70476252e-01
 1.00000478e+02 3.95406912e-01 4.02397818e-01 5.99254676e-01
 9.99882078e+01 3.76559243e-01 3.59367623e-01 6.11481109e-01
 1.00019135e+02 3.41035193e-01 3.82641002e-01 5.56041465e-01
 1.00012032e+02 3.74339653e-01 4.72254511e-01 2.41292081e-01
 9.99786812e+01 5.48496954e-01 5.90162365e-01 6.35615354e-03
 5.16833706e+02 3.00006064e+02 3.00003741e+02 2.99996039e+02
 2.99984349e+02]"
731,6.199300279069463,12.936923611959674,"[1.00003292e+02 1.91943224e-01 3.18068001e-01 9.70476023e-01
 1.00000503e+02 3.95385477e-01 4.02320218e-01 5.99064732e-01
 9.99881810e+01 3.76539752e-01 3.59279714e-01 6.11207195e-01
 1.00019129e+02 3.41117406e-01 3.82658361e-01 5.55933941e-01
 1.00012036e+02 3.74332633e-01 4.72224854e-01 2.41323091e-01
 9.99786828e+01 5.48414009e-01 5.90118905e-01 6.41165867e-03
 5.16833706e+02 3.00006067e+02 3.00003746e+02 2.99996043e+02
 2.99984353e+02]"
732,6.195570786894196,14.043334856533408,"[1.00003271e+02 1.91949855e-01 3.18024223e-01 9.70170794e-01
 1.00000388e+02 3.95376037e-01 4.02216541e-01 5.98751780e-01
 9.99880118e+01 3.76443647e-01 3.59235808e-01 6.11039660e-01
 1.00019067e+02 3.41370176e-01 3.82433646e-01 5.55605755e-01
 1.00011905e+02 3.74458971e-01 4.72396922e-01 2.41510694e-01
 9.99786200e+01 5.48301303e-01 5.90320593e-01 6.40247246e-03
 5.16833604e+02 3.00006083e+02 3.00003728e+02 2.99996019e+02
 2.99984429e+02]"
733,6.194058651215987,39.17419075920689,"[1.00003119e+02 1.92223903e-01 3.17975805e-01 9.70277187e-01
 1.00000631e+02 3.95834864e-01 4.02080192e-01 5.98605383e-01
 9.99876235e+01 3.76810181e-01 3.58521157e-01 6.10830610e-01
 1.00018632e+02 3.41278593e-01 3.82525476e-01 5.55386179e-01
 1.00012075e+02 3.73927219e-01 4.72320348e-01 2.41879861e-01
 9.99781346e+01 5.48534484e-01 5.90810137e-01 6.41905529e-03
 5.16833584e+02 3.00006395e+02 3.00003811e+02 2.99995658e+02
 2.99984374e+02]"
734,6.194058651215987,66.27196170854963,"[1.00003119e+02 1.92223903e-01 3.17975805e-01 9.70277187e-01
 1.00000631e+02 3.95834864e-01 4.02080192e-01 5.98605383e-01
 9.99876235e+01 3.76810181e-01 3.58521157e-01 6.10830610e-01
 1.00018632e+02 3.41278593e-01 3.82525476e-01 5.55386179e-01
 1.00012075e+02 3.73927219e-01 4.72320348e-01 2.41879861e-01
 9.99781346e+01 5.48534484e-01 5.90810137e-01 6.41905529e-03
 5.16833584e+02 3.00006395e+02 3.00003811e+02 2.99995658e+02
 2.99984374e+02]"
735,6.194058651215987,72.29654970103071,"[1.00003119e+02 1.92223903e-01 3.17975805e-01 9.70277187e-01
 1.00000631e+02 3.95834864e-01 4.02080192e-01 5.98605383e-01
 9.99876235e+01 3.76810181e-01 3.58521157e-01 6.10830610e-01
 1.00018632e+02 3.41278593e-01 3.82525476e-01 5.55386179e-01
 1.00012075e+02 3.73927219e-01 4.72320348e-01 2.41879861e-01
 9.99781346e+01 5.48534484e-01 5.90810137e-01 6.41905529e-03
 5.16833584e+02 3.00006395e+02 3.00003811e+02 2.99995658e+02
 2.99984374e+02]"
736,6.192937976695846,16.35913466286898,"[1.00003112e+02 1.92199053e-01 3.17943123e-01 9.70255235e-01
 1.00000630e+02 3.95816205e-01 4.02064529e-01 5.98581930e-01
 9.99876116e+01 3.76844123e-01 3.58561430e-01 6.10804383e-01
 1.00018635e+02 3.41267469e-01 3.82501365e-01 5.55362502e-01
 1.00012086e+02 3.73941062e-01 4.72328865e-01 2.41895420e-01
 9.99781254e+01 5.48507058e-01 5.90806980e-01 6.43853747e-03
 5.16833581e+02 3.00006403e+02 3.00003799e+02 2.99995668e+02
 2.99984391e+02]"
737,6.191754197889637,25.07750477050117,"[1.00003105e+02 1.92152510e-01 3.17879279e-01 9.70286942e-01
 1.00000636e+02 3.95762125e-01 4.02034680e-01 5.98523418e-01
 9.99876203e+01 3.76877887e-01 3.58566471e-01 6.10762425e-01
 1.00018673e+02 3.41262333e-01 3.82443758e-01 5.55392144e-01
 1.00012147e+02 3.73945704e-01 4.72348851e-01 2.41886719e-01
 9.99781544e+01 5.48483039e-01 5.90773602e-01 6.44279022e-03
 5.16833667e+02 3.00006406e+02 3.00003784e+02 2.99995616e+02
 2.99984341e+02]"
738,6.189560751506462,16.86122339191514,"[1.00003054e+02 1.92074850e-01 3.17836091e-01 9.70329847e-01
 1.00000624e+02 3.95756926e-01 4.01977061e-01 5.98474546e-01
 9.99875395e+01 3.76844843e-01 3.58674649e-01 6.10560040e-01
 1.00018783e+02 3.41293642e-01 3.82406326e-01 5.55249152e-01
 1.00012306e+02 3.73877677e-01 4.72383969e-01 2.41912130e-01
 9.99780516e+01 5.48529915e-01 5.90711440e-01 6.50881002e-03
 5.16833648e+02 3.00006442e+02 3.00003837e+02 2.99995640e+02
 2.99984333e+02]"
739,6.186780043644988,25.70845588499314,"[1.00003032e+02 1.91955172e-01 3.17641847e-01 9.70154404e-01
 1.00000534e+02 3.95668445e-01 4.01858004e-01 5.98347270e-01
 9.99874329e+01 3.76878968e-01 3.58597510e-01 6.10477869e-01
 1.00018787e+02 3.41528177e-01 3.82319273e-01 5.54959093e-01
 1.00012161e+02 3.74087957e-01 4.72665722e-01 2.42064412e-01
 9.99779397e+01 5.48545904e-01 5.90888984e-01 6.35771647e-03
 5.16833555e+02 3.00006485e+02 3.00003758e+02 2.99995308e+02
 2.99984190e+02]"
740,6.18447280963541,34.78843095745452,"[1.00002990e+02 1.92046298e-01 3.17592929e-01 9.69769649e-01
 1.00000840e+02 3.96073694e-01 4.01563033e-01 5.97908960e-01
 9.99878201e+01 3.76916944e-01 3.58536155e-01 6.10169675e-01
 1.00018788e+02 3.41116365e-01 3.82697096e-01 5.54728257e-01
 1.00012351e+02 3.73863915e-01 4.73037499e-01 2.41661321e-01
 9.99776844e+01 5.48202064e-01 5.90963939e-01 5.81393188e-03
 5.16833479e+02 3.00005969e+02 3.00004044e+02 2.99995105e+02
 2.99983793e+02]"
741,6.176013559589896,14.665262383737074,"[1.00003089e+02 1.91987282e-01 3.17306132e-01 9.69319711e-01
 1.00001042e+02 3.95493820e-01 4.01653363e-01 5.97330668e-01
 9.99880672e+01 3.76637158e-01 3.58877029e-01 6.09378679e-01
 1.00018653e+02 3.41444473e-01 3.82848294e-01 5.54682942e-01
 1.00012461e+02 3.74026719e-01 4.72647898e-01 2.41481564e-01
 9.99779156e+01 5.48381299e-01 5.90808354e-01 5.51814385e-03
 5.16833381e+02 3.00006324e+02 3.00004106e+02 2.99994751e+02
 2.99983746e+02]"
742,6.176013559589896,61.88745495079707,"[1.00003089e+02 1.91987282e-01 3.17306132e-01 9.69319711e-01
 1.00001042e+02 3.95493820e-01 4.01653363e-01 5.97330668e-01
 9.99880672e+01 3.76637158e-01 3.58877029e-01 6.09378679e-01
 1.00018653e+02 3.41444473e-01 3.82848294e-01 5.54682942e-01
 1.00012461e+02 3.74026719e-01 4.72647898e-01 2.41481564e-01
 9.99779156e+01 5.48381299e-01 5.90808354e-01 5.51814385e-03
 5.16833381e+02 3.00006324e+02 3.00004106e+02 2.99994751e+02
 2.99983746e+02]"
743,6.176013559589896,57.24986483115094,"[1.00003089e+02 1.91987282e-01 3.17306132e-01 9.69319711e-01
 1.00001042e+02 3.95493820e-01 4.01653363e-01 5.97330668e-01
 9.99880672e+01 3.76637158e-01 3.58877029e-01 6.09378679e-01
 1.00018653e+02 3.41444473e-01 3.82848294e-01 5.54682942e-01
 1.00012461e+02 3.74026719e-01 4.72647898e-01 2.41481564e-01
 9.99779156e+01 5.48381299e-01 5.90808354e-01 5.51814385e-03
 5.16833381e+02 3.00006324e+02 3.00004106e+02 2.99994751e+02
 2.99983746e+02]"
744,6.175084816864379,37.77858592723182,"[1.00003072e+02 1.92002856e-01 3.17285595e-01 9.69316954e-01
 1.00001069e+02 3.95477395e-01 4.01668916e-01 5.97327762e-01
 9.99880657e+01 3.76715998e-01 3.58923882e-01 6.09313520e-01
 1.00018701e+02 3.41441345e-01 3.82823603e-01 5.54690454e-01
 1.00012389e+02 3.74065964e-01 4.72695137e-01 2.41492498e-01
 9.99779489e+01 5.48371490e-01 5.90838781e-01 5.48543530e-03
 5.16833337e+02 3.00006373e+02 3.00004115e+02 2.99994804e+02
 2.99983672e+02]"
745,6.173576513476617,32.34784900257286,"[1.00003075e+02 1.91953530e-01 3.17250394e-01 9.69263704e-01
 1.00001037e+02 3.95389991e-01 4.01788659e-01 5.97175362e-01
 9.99881069e+01 3.76834904e-01 3.58951732e-01 6.09268823e-01
 1.00018695e+02 3.41408496e-01 3.82845723e-01 5.54566057e-01
 1.00012433e+02 3.74085604e-01 4.72777722e-01 2.41465865e-01
 9.99780034e+01 5.48377323e-01 5.90930128e-01 5.52116998e-03
 5.16833236e+02 3.00006259e+02 3.00003977e+02 2.99994674e+02
 2.99983706e+02]"
746,6.168237375915323,9.29440517382942,"[1.00003086e+02 1.91934940e-01 3.17090906e-01 9.69096312e-01
 1.00001197e+02 3.95393820e-01 4.01684252e-01 5.96843045e-01
 9.99878409e+01 3.77014088e-01 3.58757247e-01 6.08857985e-01
 1.00018582e+02 3.41244443e-01 3.82944554e-01 5.54503134e-01
 1.00012409e+02 3.74059505e-01 4.72648363e-01 2.41358933e-01
 9.99780943e+01 5.48268172e-01 5.90964730e-01 5.66862276e-03
 5.16833195e+02 3.00006253e+02 3.00003976e+02 2.99994867e+02
 2.99983801e+02]"
747,6.166957613544349,34.52598022759944,"[1.00003289e+02 1.92285661e-01 3.17119528e-01 9.68327854e-01
 1.00001691e+02 3.95635659e-01 4.01310093e-01 5.96608936e-01
 9.99879842e+01 3.76732880e-01 3.59038228e-01 6.08739301e-01
 1.00018692e+02 3.41412822e-01 3.82928180e-01 5.54408090e-01
 1.00012843e+02 3.74393542e-01 4.72046215e-01 2.41357030e-01
 9.99781154e+01 5.48350195e-01 5.90903112e-01 6.03176080e-03
 5.16832651e+02 3.00006362e+02 3.00003667e+02 2.99994939e+02
 2.99983635e+02]"
748,6.166957613544349,83.31404789344931,"[1.00003289e+02 1.92285661e-01 3.17119528e-01 9.68327854e-01
 1.00001691e+02 3.95635659e-01 4.01310093e-01 5.96608936e-01
 9.99879842e+01 3.76732880e-01 3.59038228e-01 6.08739301e-01
 1.00018692e+02 3.41412822e-01 3.82928180e-01 5.54408090e-01
 1.00012843e+02 3.74393542e-01 4.72046215e-01 2.41357030e-01
 9.99781154e+01 5.48350195e-01 5.90903112e-01 6.03176080e-03
 5.16832651e+02 3.00006362e+02 3.00003667e+02 2.99994939e+02
 2.99983635e+02]"
749,6.1664675870026455,90.01539153531691,"[1.00003299e+02 1.92375826e-01 3.16979739e-01 9.68350842e-01
 1.00001746e+02 3.95624576e-01 4.01515886e-01 5.96575838e-01
 9.99879714e+01 3.76663331e-01 3.58996179e-01 6.08667852e-01
 1.00018560e+02 3.41409821e-01 3.82885733e-01 5.54491454e-01
 1.00012818e+02 3.74482607e-01 4.72042910e-01 2.41355353e-01
 9.99779577e+01 5.48252261e-01 5.90896800e-01 6.05744684e-03
 5.16832554e+02 3.00006348e+02 3.00003731e+02 2.99994946e+02
 2.99983615e+02]"
750,6.165587663274653,77.51175124695234,"[1.00003317e+02 1.92326820e-01 3.16829996e-01 9.68416160e-01
 1.00001757e+02 3.95687600e-01 4.01471616e-01 5.96554336e-01
 9.99880255e+01 3.76680100e-01 3.58981052e-01 6.08693629e-01
 1.00018496e+02 3.41533583e-01 3.82852228e-01 5.54356064e-01
 1.00012914e+02 3.74555520e-01 4.72141104e-01 2.41335970e-01
 9.99780357e+01 5.48413291e-01 5.90990412e-01 6.13023065e-03
 5.16832507e+02 3.00006350e+02 3.00003834e+02 2.99995033e+02
 2.99983579e+02]"
751,6.1611606647307635,13.806513727171202,"[1.00003301e+02 1.92242541e-01 3.16715852e-01 9.68382466e-01
 1.00001785e+02 3.95675327e-01 4.01415143e-01 5.96412018e-01
 9.99880158e+01 3.76862178e-01 3.59032004e-01 6.08505690e-01
 1.00018483e+02 3.41459018e-01 3.82783378e-01 5.54208398e-01
 1.00012913e+02 3.74573993e-01 4.72145142e-01 2.41403415e-01
 9.99780312e+01 5.48310985e-01 5.90938757e-01 6.18861771e-03
 5.16832504e+02 3.00006343e+02 3.00003827e+02 2.99995026e+02
 2.99983585e+02]"
752,6.158876718791068,15.507499950041641,"[1.00003555e+02 1.92331549e-01 3.16608028e-01 9.68350017e-01
 1.00001897e+02 3.95775765e-01 4.01306171e-01 5.96643291e-01
 9.99880183e+01 3.77043003e-01 3.59364697e-01 6.08232035e-01
 1.00018639e+02 3.41489199e-01 3.82773411e-01 5.54071444e-01
 1.00012972e+02 3.74552882e-01 4.72021616e-01 2.41447998e-01
 9.99779591e+01 5.48034237e-01 5.90930324e-01 6.33298957e-03
 5.16832450e+02 3.00006683e+02 3.00003875e+02 2.99995067e+02
 2.99983630e+02]"
753,6.156268391458457,38.2845872461937,"[1.00003555e+02 1.92541339e-01 3.15895342e-01 9.68036292e-01
 1.00001781e+02 3.96091073e-01 4.00946620e-01 5.96024772e-01
 9.99879298e+01 3.76854670e-01 3.59701768e-01 6.08212256e-01
 1.00018538e+02 3.41630483e-01 3.82685519e-01 5.53901373e-01
 1.00012862e+02 3.73915205e-01 4.72015308e-01 2.41199537e-01
 9.99779754e+01 5.48120202e-01 5.90365664e-01 6.06479438e-03
 5.16832222e+02 3.00006932e+02 3.00003923e+02 2.99995405e+02
 2.99983272e+02]"
754,6.154767915625357,122.39380851449269,"[1.00003756e+02 1.92543247e-01 3.15607746e-01 9.67798506e-01
 1.00001983e+02 3.96306657e-01 4.00470940e-01 5.96005438e-01
 9.99877578e+01 3.76569247e-01 3.60290659e-01 6.07816644e-01
 1.00018446e+02 3.41708050e-01 3.82939339e-01 5.54115852e-01
 1.00012131e+02 3.74144541e-01 4.72400455e-01 2.41386588e-01
 9.99775443e+01 5.48353169e-01 5.90723614e-01 6.16878928e-03
 5.16832354e+02 3.00006531e+02 3.00004028e+02 2.99995002e+02
 2.99983213e+02]"
755,6.154767915625357,96.35950000093062,"[1.00003756e+02 1.92543247e-01 3.15607746e-01 9.67798506e-01
 1.00001983e+02 3.96306657e-01 4.00470940e-01 5.96005438e-01
 9.99877578e+01 3.76569247e-01 3.60290659e-01 6.07816644e-01
 1.00018446e+02 3.41708050e-01 3.82939339e-01 5.54115852e-01
 1.00012131e+02 3.74144541e-01 4.72400455e-01 2.41386588e-01
 9.99775443e+01 5.48353169e-01 5.90723614e-01 6.16878928e-03
 5.16832354e+02 3.00006531e+02 3.00004028e+02 2.99995002e+02
 2.99983213e+02]"
756,6.154767915625357,109.59660555357725,"[1.00003756e+02 1.92543247e-01 3.15607746e-01 9.67798506e-01
 1.00001983e+02 3.96306657e-01 4.00470940e-01 5.96005438e-01
 9.99877578e+01 3.76569247e-01 3.60290659e-01 6.07816644e-01
 1.00018446e+02 3.41708050e-01 3.82939339e-01 5.54115852e-01
 1.00012131e+02 3.74144541e-01 4.72400455e-01 2.41386588e-01
 9.99775443e+01 5.48353169e-01 5.90723614e-01 6.16878928e-03
 5.16832354e+02 3.00006531e+02 3.00004028e+02 2.99995002e+02
 2.99983213e+02]"
757,6.154638720743319,63.642298464522746,"[1.00003775e+02 1.92581672e-01 3.15619295e-01 9.67786070e-01
 1.00001993e+02 3.96340634e-01 4.00483763e-01 5.95980494e-01
 9.99877467e+01 3.76567800e-01 3.60254505e-01 6.07815275e-01
 1.00018435e+02 3.41694731e-01 3.82972814e-01 5.54077382e-01
 1.00012128e+02 3.74127818e-01 4.72378933e-01 2.41363369e-01
 9.99775450e+01 5.48360882e-01 5.90737459e-01 6.16233437e-03
 5.16832369e+02 3.00006526e+02 3.00004029e+02 2.99995004e+02
 2.99983232e+02]"
758,6.154187503891598,48.61025508853908,"[1.00003796e+02 1.92604753e-01 3.15645339e-01 9.67813401e-01
 1.00001999e+02 3.96297543e-01 4.00453184e-01 5.95942910e-01
 9.99877483e+01 3.76565740e-01 3.60248730e-01 6.07806456e-01
 1.00018406e+02 3.41702931e-01 3.82967239e-01 5.54076234e-01
 1.00012130e+02 3.74126126e-01 4.72381852e-01 2.41374310e-01
 9.99775683e+01 5.48357315e-01 5.90748827e-01 6.15268747e-03
 5.16832341e+02 3.00006542e+02 3.00004007e+02 2.99994979e+02
 2.99983231e+02]"
759,6.154034498984363,62.13326738674398,"[1.00003805e+02 1.92571531e-01 3.15657341e-01 9.67816559e-01
 1.00001985e+02 3.96303303e-01 4.00426986e-01 5.95938153e-01
 9.99877512e+01 3.76556918e-01 3.60258557e-01 6.07814636e-01
 1.00018389e+02 3.41707557e-01 3.82966068e-01 5.54042700e-01
 1.00012122e+02 3.74140708e-01 4.72328552e-01 2.41409436e-01
 9.99775781e+01 5.48336349e-01 5.90734173e-01 6.13981558e-03
 5.16832354e+02 3.00006521e+02 3.00003986e+02 2.99995000e+02
 2.99983230e+02]"
760,6.153616067698228,57.20456732989594,"[1.00003815e+02 1.92555701e-01 3.15667705e-01 9.67792060e-01
 1.00001963e+02 3.96300037e-01 4.00410144e-01 5.95921431e-01
 9.99877758e+01 3.76600121e-01 3.60228508e-01 6.07826118e-01
 1.00018406e+02 3.41690937e-01 3.82937567e-01 5.54022793e-01
 1.00012094e+02 3.74143572e-01 4.72340074e-01 2.41393412e-01
 9.99775586e+01 5.48322393e-01 5.90728298e-01 6.14656833e-03
 5.16832347e+02 3.00006511e+02 3.00003970e+02 2.99994969e+02
 2.99983222e+02]"
761,6.152388749178118,12.686834614418894,"[1.00003814e+02 1.92566777e-01 3.15656836e-01 9.67791435e-01
 1.00001968e+02 3.96303566e-01 4.00403758e-01 5.95884835e-01
 9.99877756e+01 3.76618721e-01 3.60220052e-01 6.07768172e-01
 1.00018405e+02 3.41657372e-01 3.82916431e-01 5.53986953e-01
 1.00012092e+02 3.74174997e-01 4.72352235e-01 2.41413956e-01
 9.99775583e+01 5.48298587e-01 5.90714876e-01 6.15496729e-03
 5.16832346e+02 3.00006512e+02 3.00003974e+02 2.99994967e+02
 2.99983223e+02]"
762,6.150279347509249,11.481348027473121,"[1.00003807e+02 1.92576076e-01 3.15622198e-01 9.67776855e-01
 1.00001984e+02 3.96321914e-01 4.00394846e-01 5.95805761e-01
 9.99877725e+01 3.76647627e-01 3.60196376e-01 6.07645291e-01
 1.00018406e+02 3.41609733e-01 3.82873259e-01 5.53910777e-01
 1.00012086e+02 3.74225427e-01 4.72371093e-01 2.41457773e-01
 9.99775511e+01 5.48254369e-01 5.90689355e-01 6.17029971e-03
 5.16832341e+02 3.00006506e+02 3.00003970e+02 2.99994969e+02
 2.99983222e+02]"
763,6.147674102792603,13.852632917595114,"[1.00003800e+02 1.92588081e-01 3.15550988e-01 9.67633341e-01
 1.00002049e+02 3.96315232e-01 4.00321819e-01 5.95743484e-01
 9.99877779e+01 3.76630594e-01 3.60172861e-01 6.07433404e-01
 1.00018348e+02 3.41619168e-01 3.82863265e-01 5.53706595e-01
 1.00011984e+02 3.74194765e-01 4.72447418e-01 2.41525446e-01
 9.99774903e+01 5.48227677e-01 5.90728644e-01 6.15178986e-03
 5.16832403e+02 3.00006537e+02 3.00003973e+02 2.99994948e+02
 2.99983307e+02]"
764,6.146079231460106,32.346207246804354,"[1.00003825e+02 1.92834881e-01 3.15521097e-01 9.67420480e-01
 1.00002162e+02 3.96251247e-01 4.00408825e-01 5.95734274e-01
 9.99877420e+01 3.76555009e-01 3.60290821e-01 6.07372234e-01
 1.00018516e+02 3.41436839e-01 3.82929549e-01 5.53629969e-01
 1.00011732e+02 3.74178122e-01 4.72256938e-01 2.41682849e-01
 9.99772437e+01 5.47828593e-01 5.90713249e-01 6.31485616e-03
 5.16832427e+02 3.00006559e+02 3.00004049e+02 2.99995068e+02
 2.99983058e+02]"
765,6.14482593871299,51.449128503061566,"[1.00003917e+02 1.92768220e-01 3.15433125e-01 9.67627133e-01
 1.00001965e+02 3.96349838e-01 4.00434598e-01 5.95645414e-01
 9.99877127e+01 3.76424963e-01 3.60219113e-01 6.07059065e-01
 1.00018588e+02 3.41402742e-01 3.82819766e-01 5.53772537e-01
 1.00011397e+02 3.74153360e-01 4.72208936e-01 2.41706184e-01
 9.99772255e+01 5.47904662e-01 5.91076517e-01 6.48699924e-03
 5.16832668e+02 3.00006734e+02 3.00004028e+02 2.99995112e+02
 2.99982888e+02]"
766,6.139664751577832,11.27567150978473,"[1.00003543e+02 1.92745636e-01 3.15184956e-01 9.67558835e-01
 1.00001997e+02 3.96266034e-01 4.00342910e-01 5.95318213e-01
 9.99877650e+01 3.76648591e-01 3.60119701e-01 6.06704592e-01
 1.00018501e+02 3.41310139e-01 3.82786701e-01 5.53754520e-01
 1.00011322e+02 3.74181275e-01 4.72200741e-01 2.41994660e-01
 9.99772561e+01 5.47874991e-01 5.91021383e-01 6.39177127e-03
 5.16832589e+02 3.00006595e+02 3.00003931e+02 2.99995068e+02
 2.99982976e+02]"
767,6.136658020814975,26.50216375743618,"[1.00003517e+02 1.92812226e-01 3.15259550e-01 9.67369833e-01
 1.00001718e+02 3.96312636e-01 4.00524369e-01 5.95114499e-01
 9.99873438e+01 3.76543553e-01 3.60067732e-01 6.06608869e-01
 1.00018510e+02 3.41290546e-01 3.82807341e-01 5.53811121e-01
 1.00010727e+02 3.74060905e-01 4.72020861e-01 2.42400753e-01
 9.99765225e+01 5.47236378e-01 5.90376270e-01 6.51814551e-03
 5.16832949e+02 3.00006696e+02 3.00004221e+02 2.99994675e+02
 2.99983073e+02]"
768,6.136658020814975,101.19249128250958,"[1.00003517e+02 1.92812226e-01 3.15259550e-01 9.67369833e-01
 1.00001718e+02 3.96312636e-01 4.00524369e-01 5.95114499e-01
 9.99873438e+01 3.76543553e-01 3.60067732e-01 6.06608869e-01
 1.00018510e+02 3.41290546e-01 3.82807341e-01 5.53811121e-01
 1.00010727e+02 3.74060905e-01 4.72020861e-01 2.42400753e-01
 9.99765225e+01 5.47236378e-01 5.90376270e-01 6.51814551e-03
 5.16832949e+02 3.00006696e+02 3.00004221e+02 2.99994675e+02
 2.99983073e+02]"
769,6.136658020814975,141.20277517085867,"[1.00003517e+02 1.92812226e-01 3.15259550e-01 9.67369833e-01
 1.00001718e+02 3.96312636e-01 4.00524369e-01 5.95114499e-01
 9.99873438e+01 3.76543553e-01 3.60067732e-01 6.06608869e-01
 1.00018510e+02 3.41290546e-01 3.82807341e-01 5.53811121e-01
 1.00010727e+02 3.74060905e-01 4.72020861e-01 2.42400753e-01
 9.99765225e+01 5.47236378e-01 5.90376270e-01 6.51814551e-03
 5.16832949e+02 3.00006696e+02 3.00004221e+02 2.99994675e+02
 2.99983073e+02]"
770,6.136281703859074,39.32657222632049,"[1.00003512e+02 1.92831134e-01 3.15242488e-01 9.67348825e-01
 1.00001703e+02 3.96294051e-01 4.00520695e-01 5.95107585e-01
 9.99873529e+01 3.76584592e-01 3.60048784e-01 6.06608037e-01
 1.00018489e+02 3.41301203e-01 3.82790195e-01 5.53815568e-01
 1.00010763e+02 3.74066588e-01 4.71993717e-01 2.42415014e-01
 9.99765229e+01 5.47216872e-01 5.90377946e-01 6.51510615e-03
 5.16832967e+02 3.00006705e+02 3.00004267e+02 2.99994701e+02
 2.99983062e+02]"
771,6.135209224090195,10.712216787965701,"[1.00003512e+02 1.92823152e-01 3.15220997e-01 9.67343024e-01
 1.00001707e+02 3.96271757e-01 4.00502721e-01 5.95064854e-01
 9.99873542e+01 3.76620583e-01 3.60051645e-01 6.06553054e-01
 1.00018489e+02 3.41328712e-01 3.82796485e-01 5.53786470e-01
 1.00010763e+02 3.74045943e-01 4.71975663e-01 2.42418707e-01
 9.99765224e+01 5.47198659e-01 5.90369223e-01 6.53281155e-03
 5.16832965e+02 3.00006706e+02 3.00004268e+02 2.99994700e+02
 2.99983060e+02]"
772,6.1332116673622,9.65949670028505,"[1.00003506e+02 1.92804207e-01 3.15170306e-01 9.67328977e-01
 1.00001718e+02 3.96237642e-01 4.00469224e-01 5.94984333e-01
 9.99873549e+01 3.76680056e-01 3.60047918e-01 6.06430450e-01
 1.00018480e+02 3.41382533e-01 3.82809343e-01 5.53734985e-01
 1.00010754e+02 3.74010877e-01 4.71938871e-01 2.42434726e-01
 9.99765207e+01 5.47154400e-01 5.90350869e-01 6.56340625e-03
 5.16832966e+02 3.00006702e+02 3.00004276e+02 2.99994697e+02
 2.99983052e+02]"
773,6.131254075557496,18.145299144468822,"[1.00003540e+02 1.92697831e-01 3.15152972e-01 9.67299229e-01
 1.00001788e+02 3.96316002e-01 4.00388863e-01 5.94785943e-01
 9.99872817e+01 3.76837662e-01 3.60034193e-01 6.06348461e-01
 1.00018433e+02 3.41337282e-01 3.82897730e-01 5.53721459e-01
 1.00010716e+02 3.73916047e-01 4.71950489e-01 2.42405451e-01
 9.99764203e+01 5.47133586e-01 5.90212276e-01 6.55432869e-03
 5.16832915e+02 3.00006739e+02 3.00004313e+02 2.99994644e+02
 2.99983094e+02]"
774,6.126264266564046,16.88356831639165,"[1.00003340e+02 1.92807564e-01 3.15077774e-01 9.67453945e-01
 1.00001801e+02 3.96348460e-01 4.00452750e-01 5.94614716e-01
 9.99871961e+01 3.77101624e-01 3.59780461e-01 6.06049487e-01
 1.00018475e+02 3.41507377e-01 3.83029776e-01 5.53482155e-01
 1.00010835e+02 3.73952257e-01 4.71941101e-01 2.42738392e-01
 9.99764427e+01 5.46963508e-01 5.90044621e-01 6.57815560e-03
 5.16832715e+02 3.00006788e+02 3.00004339e+02 2.99994692e+02
 2.99983136e+02]"
775,6.126264266564046,62.00669923565885,"[1.00003340e+02 1.92807564e-01 3.15077774e-01 9.67453945e-01
 1.00001801e+02 3.96348460e-01 4.00452750e-01 5.94614716e-01
 9.99871961e+01 3.77101624e-01 3.59780461e-01 6.06049487e-01
 1.00018475e+02 3.41507377e-01 3.83029776e-01 5.53482155e-01
 1.00010835e+02 3.73952257e-01 4.71941101e-01 2.42738392e-01
 9.99764427e+01 5.46963508e-01 5.90044621e-01 6.57815560e-03
 5.16832715e+02 3.00006788e+02 3.00004339e+02 2.99994692e+02
 2.99983136e+02]"
776,6.124899637874563,30.388228925472706,"[1.00003234e+02 1.92739481e-01 3.15159010e-01 9.67457647e-01
 1.00001855e+02 3.96324191e-01 4.00545519e-01 5.94576677e-01
 9.99871620e+01 3.77129977e-01 3.59809684e-01 6.05910086e-01
 1.00018417e+02 3.41504678e-01 3.82982420e-01 5.53379636e-01
 1.00010885e+02 3.74039894e-01 4.71798980e-01 2.42587841e-01
 9.99764362e+01 5.46842218e-01 5.89912395e-01 6.53151793e-03
 5.16832787e+02 3.00006833e+02 3.00004295e+02 2.99994691e+02
 2.99983129e+02]"
777,6.124899637874563,167.48319385930046,"[1.00003234e+02 1.92739481e-01 3.15159010e-01 9.67457647e-01
 1.00001855e+02 3.96324191e-01 4.00545519e-01 5.94576677e-01
 9.99871620e+01 3.77129977e-01 3.59809684e-01 6.05910086e-01
 1.00018417e+02 3.41504678e-01 3.82982420e-01 5.53379636e-01
 1.00010885e+02 3.74039894e-01 4.71798980e-01 2.42587841e-01
 9.99764362e+01 5.46842218e-01 5.89912395e-01 6.53151793e-03
 5.16832787e+02 3.00006833e+02 3.00004295e+02 2.99994691e+02
 2.99983129e+02]"
778,6.124798460210853,63.70872226333137,"[1.00003232e+02 1.92670634e-01 3.15199345e-01 9.67374610e-01
 1.00001834e+02 3.96311032e-01 4.00558723e-01 5.94561259e-01
 9.99871300e+01 3.77113017e-01 3.59736324e-01 6.05879719e-01
 1.00018480e+02 3.41555599e-01 3.82967864e-01 5.53351045e-01
 1.00010860e+02 3.74026829e-01 4.71779390e-01 2.42580452e-01
 9.99764150e+01 5.46858975e-01 5.89935119e-01 6.46459647e-03
 5.16832742e+02 3.00006785e+02 3.00004329e+02 2.99994716e+02
 2.99983134e+02]"
779,6.124798460210853,57.88214667319109,"[1.00003232e+02 1.92670634e-01 3.15199345e-01 9.67374610e-01
 1.00001834e+02 3.96311032e-01 4.00558723e-01 5.94561259e-01
 9.99871300e+01 3.77113017e-01 3.59736324e-01 6.05879719e-01
 1.00018480e+02 3.41555599e-01 3.82967864e-01 5.53351045e-01
 1.00010860e+02 3.74026829e-01 4.71779390e-01 2.42580452e-01
 9.99764150e+01 5.46858975e-01 5.89935119e-01 6.46459647e-03
 5.16832742e+02 3.00006785e+02 3.00004329e+02 2.99994716e+02
 2.99983134e+02]"
780,6.124798460210853,55.623978921428936,"[1.00003232e+02 1.92670634e-01 3.15199345e-01 9.67374610e-01
 1.00001834e+02 3.96311032e-01 4.00558723e-01 5.94561259e-01
 9.99871300e+01 3.77113017e-01 3.59736324e-01 6.05879719e-01
 1.00018480e+02 3.41555599e-01 3.82967864e-01 5.53351045e-01
 1.00010860e+02 3.74026829e-01 4.71779390e-01 2.42580452e-01
 9.99764150e+01 5.46858975e-01 5.89935119e-01 6.46459647e-03
 5.16832742e+02 3.00006785e+02 3.00004329e+02 2.99994716e+02
 2.99983134e+02]"
781,6.124657061901154,11.623064169853933,"[1.00003232e+02 1.92673854e-01 3.15198841e-01 9.67374916e-01
 1.00001834e+02 3.96306992e-01 4.00554478e-01 5.94554937e-01
 9.99871300e+01 3.77117127e-01 3.59736776e-01 6.05873773e-01
 1.00018480e+02 3.41557115e-01 3.82967971e-01 5.53347286e-01
 1.00010860e+02 3.74026094e-01 4.71778388e-01 2.42581552e-01
 9.99764147e+01 5.46856742e-01 5.89933810e-01 6.46640208e-03
 5.16832742e+02 3.00006785e+02 3.00004330e+02 2.99994717e+02
 2.99983134e+02]"
782,6.124386439625133,10.742945250321423,"[1.00003232e+02 1.92680773e-01 3.15197948e-01 9.67375355e-01
 1.00001835e+02 3.96298189e-01 4.00546763e-01 5.94542339e-01
 9.99871305e+01 3.77124557e-01 3.59737919e-01 6.05861612e-01
 1.00018480e+02 3.41560498e-01 3.82967892e-01 5.53340117e-01
 1.00010860e+02 3.74025043e-01 4.71776230e-01 2.42583517e-01
 9.99764144e+01 5.46852265e-01 5.89931396e-01 6.47069339e-03
 5.16832742e+02 3.00006785e+02 3.00004330e+02 2.99994717e+02
 2.99983134e+02]"
783,6.123877343183821,10.175866955009399,"[1.00003231e+02 1.92689822e-01 3.15193113e-01 9.67374638e-01
 1.00001837e+02 3.96283408e-01 4.00533210e-01 5.94517227e-01
 9.99871316e+01 3.77136860e-01 3.59737157e-01 6.05833547e-01
 1.00018480e+02 3.41570575e-01 3.82968820e-01 5.53325763e-01
 1.00010860e+02 3.74022456e-01 4.71771059e-01 2.42587442e-01
 9.99764144e+01 5.46841532e-01 5.89926084e-01 6.47989709e-03
 5.16832742e+02 3.00006784e+02 3.00004330e+02 2.99994717e+02
 2.99983132e+02]"
784,6.122932088088823,10.160582950682759,"[1.00003229e+02 1.92703191e-01 3.15176889e-01 9.67375567e-01
 1.00001841e+02 3.96264219e-01 4.00508342e-01 5.94467121e-01
 9.99871327e+01 3.77159395e-01 3.59734274e-01 6.05774078e-01
 1.00018477e+02 3.41590647e-01 3.82976855e-01 5.53296103e-01
 1.00010864e+02 3.74018855e-01 4.71761056e-01 2.42597260e-01
 9.99764108e+01 5.46820250e-01 5.89911552e-01 6.49979394e-03
 5.16832745e+02 3.00006785e+02 3.00004328e+02 2.99994717e+02
 2.99983128e+02]"
785,6.121177314328019,9.650646136122047,"[1.00003220e+02 1.92708135e-01 3.15141540e-01 9.67355428e-01
 1.00001847e+02 3.96247142e-01 4.00472023e-01 5.94373773e-01
 9.99871206e+01 3.77179539e-01 3.59731236e-01 6.05646383e-01
 1.00018472e+02 3.41637502e-01 3.83004824e-01 5.53225666e-01
 1.00010847e+02 3.73990357e-01 4.71744964e-01 2.42630510e-01
 9.99764012e+01 5.46779415e-01 5.89891089e-01 6.52519774e-03
 5.16832735e+02 3.00006774e+02 3.00004326e+02 2.99994706e+02
 2.99983114e+02]"
786,6.118324695276491,9.390881170359092,"[1.00003302e+02 1.92655026e-01 3.15025036e-01 9.67295902e-01
 1.00001865e+02 3.96206531e-01 4.00388265e-01 5.94343640e-01
 9.99871082e+01 3.77322343e-01 3.59686453e-01 6.05446662e-01
 1.00018490e+02 3.41632102e-01 3.83085462e-01 5.53129848e-01
 1.00010850e+02 3.74062975e-01 4.71754097e-01 2.42643659e-01
 9.99764341e+01 5.46631684e-01 5.89802478e-01 6.63308383e-03
 5.16832720e+02 3.00006747e+02 3.00004277e+02 2.99994643e+02
 2.99983143e+02]"
787,6.114855225346766,15.924123335686321,"[1.00003239e+02 1.92662863e-01 3.14615814e-01 9.67181356e-01
 1.00001841e+02 3.96117117e-01 4.00401497e-01 5.94207926e-01
 9.99869835e+01 3.77478555e-01 3.59739640e-01 6.05243128e-01
 1.00018491e+02 3.41921501e-01 3.82989940e-01 5.52891517e-01
 1.00010800e+02 3.74239500e-01 4.71694049e-01 2.42915466e-01
 9.99762051e+01 5.46521835e-01 5.89745679e-01 6.67468196e-03
 5.16832672e+02 3.00006911e+02 3.00004350e+02 2.99994726e+02
 2.99983271e+02]"
788,6.11429645911067,41.38657507645387,"[1.00003390e+02 1.92822184e-01 3.14768091e-01 9.66824343e-01
 1.00001723e+02 3.96026092e-01 4.00272245e-01 5.94121402e-01
 9.99868823e+01 3.77331405e-01 3.59326105e-01 6.05019489e-01
 1.00018701e+02 3.42176164e-01 3.83352743e-01 5.53031364e-01
 1.00010632e+02 3.74607830e-01 4.71874677e-01 2.42590316e-01
 9.99763000e+01 5.46080803e-01 5.89774758e-01 7.08864360e-03
 5.16832724e+02 3.00007882e+02 3.00004426e+02 2.99994413e+02
 2.99982771e+02]"
789,6.112024290448857,50.29712903292391,"[1.00003527e+02 1.92814042e-01 3.14525527e-01 9.66872958e-01
 1.00001684e+02 3.95433338e-01 4.00527203e-01 5.93995844e-01
 9.99867849e+01 3.77074622e-01 3.58837436e-01 6.04593642e-01
 1.00019066e+02 3.41693421e-01 3.83431894e-01 5.52825422e-01
 1.00010323e+02 3.74291875e-01 4.72093297e-01 2.42683408e-01
 9.99764140e+01 5.46166093e-01 5.89481364e-01 7.24130606e-03
 5.16833360e+02 3.00008007e+02 3.00005075e+02 2.99994356e+02
 2.99982477e+02]"
790,6.112024290448857,48.567399407022414,"[1.00003527e+02 1.92814042e-01 3.14525527e-01 9.66872958e-01
 1.00001684e+02 3.95433338e-01 4.00527203e-01 5.93995844e-01
 9.99867849e+01 3.77074622e-01 3.58837436e-01 6.04593642e-01
 1.00019066e+02 3.41693421e-01 3.83431894e-01 5.52825422e-01
 1.00010323e+02 3.74291875e-01 4.72093297e-01 2.42683408e-01
 9.99764140e+01 5.46166093e-01 5.89481364e-01 7.24130606e-03
 5.16833360e+02 3.00008007e+02 3.00005075e+02 2.99994356e+02
 2.99982477e+02]"
791,6.112024290448857,61.36686209562091,"[1.00003527e+02 1.92814042e-01 3.14525527e-01 9.66872958e-01
 1.00001684e+02 3.95433338e-01 4.00527203e-01 5.93995844e-01
 9.99867849e+01 3.77074622e-01 3.58837436e-01 6.04593642e-01
 1.00019066e+02 3.41693421e-01 3.83431894e-01 5.52825422e-01
 1.00010323e+02 3.74291875e-01 4.72093297e-01 2.42683408e-01
 9.99764140e+01 5.46166093e-01 5.89481364e-01 7.24130606e-03
 5.16833360e+02 3.00008007e+02 3.00005075e+02 2.99994356e+02
 2.99982477e+02]"
792,6.112024290448857,55.864804604266276,"[1.00003527e+02 1.92814042e-01 3.14525527e-01 9.66872958e-01
 1.00001684e+02 3.95433338e-01 4.00527203e-01 5.93995844e-01
 9.99867849e+01 3.77074622e-01 3.58837436e-01 6.04593642e-01
 1.00019066e+02 3.41693421e-01 3.83431894e-01 5.52825422e-01
 1.00010323e+02 3.74291875e-01 4.72093297e-01 2.42683408e-01
 9.99764140e+01 5.46166093e-01 5.89481364e-01 7.24130606e-03
 5.16833360e+02 3.00008007e+02 3.00005075e+02 2.99994356e+02
 2.99982477e+02]"
793,6.111994901732593,84.41258555761304,"[1.00003527e+02 1.92819749e-01 3.14528386e-01 9.66872037e-01
 1.00001684e+02 3.95427480e-01 4.00525233e-01 5.93992141e-01
 9.99867908e+01 3.77076623e-01 3.58836958e-01 6.04586585e-01
 1.00019066e+02 3.41689322e-01 3.83433550e-01 5.52825866e-01
 1.00010326e+02 3.74294189e-01 4.72086713e-01 2.42679579e-01
 9.99764091e+01 5.46176372e-01 5.89491980e-01 7.24502143e-03
 5.16833352e+02 3.00008010e+02 3.00005075e+02 2.99994348e+02
 2.99982476e+02]"
794,6.111771394275057,83.65563732747363,"[1.00003527e+02 1.92815179e-01 3.14525588e-01 9.66865410e-01
 1.00001692e+02 3.95426691e-01 4.00535313e-01 5.93989639e-01
 9.99867916e+01 3.77086113e-01 3.58834683e-01 6.04587641e-01
 1.00019062e+02 3.41682448e-01 3.83424498e-01 5.52820793e-01
 1.00010327e+02 3.74293370e-01 4.72084211e-01 2.42679216e-01
 9.99764090e+01 5.46180674e-01 5.89490440e-01 7.24721581e-03
 5.16833351e+02 3.00008013e+02 3.00005066e+02 2.99994352e+02
 2.99982474e+02]"
795,6.11144602690249,41.398678087297284,"[1.00003523e+02 1.92808149e-01 3.14530299e-01 9.66860449e-01
 1.00001693e+02 3.95438578e-01 4.00534801e-01 5.93983043e-01
 9.99868113e+01 3.77103332e-01 3.58835634e-01 6.04581531e-01
 1.00019074e+02 3.41680523e-01 3.83425759e-01 5.52815073e-01
 1.00010304e+02 3.74281061e-01 4.72070081e-01 2.42663966e-01
 9.99764111e+01 5.46181352e-01 5.89477100e-01 7.24877337e-03
 5.16833349e+02 3.00008019e+02 3.00005060e+02 2.99994358e+02
 2.99982482e+02]"
796,6.109856932921501,16.530943408423926,"[1.00003523e+02 1.92785690e-01 3.14507822e-01 9.66852854e-01
 1.00001695e+02 3.95434851e-01 4.00528886e-01 5.93960723e-01
 9.99868149e+01 3.77172724e-01 3.58860237e-01 6.04554379e-01
 1.00019075e+02 3.41660852e-01 3.83403757e-01 5.52778810e-01
 1.00010303e+02 3.74265466e-01 4.72060893e-01 2.42671653e-01
 9.99764102e+01 5.46170592e-01 5.89472073e-01 7.26191496e-03
 5.16833347e+02 3.00008019e+02 3.00005060e+02 2.99994357e+02
 2.99982481e+02]"
797,6.107270619111948,15.584865485856692,"[1.00003519e+02 1.92744861e-01 3.14451977e-01 9.66842368e-01
 1.00001702e+02 3.95431837e-01 4.00526892e-01 5.93909290e-01
 9.99868208e+01 3.77300189e-01 3.58885754e-01 6.04459410e-01
 1.00019073e+02 3.41641072e-01 3.83371187e-01 5.52718655e-01
 1.00010298e+02 3.74236956e-01 4.72033244e-01 2.42677097e-01
 9.99764068e+01 5.46133860e-01 5.89475046e-01 7.29412122e-03
 5.16833352e+02 3.00008020e+02 3.00005060e+02 2.99994350e+02
 2.99982479e+02]"
798,6.104404354141823,18.971251148652104,"[1.00003525e+02 1.92713955e-01 3.14472196e-01 9.66826673e-01
 1.00001784e+02 3.95442064e-01 4.00452376e-01 5.93866989e-01
 9.99867807e+01 3.77447284e-01 3.58882093e-01 6.04301177e-01
 1.00018997e+02 3.41579437e-01 3.83441965e-01 5.52619285e-01
 1.00010247e+02 3.74059142e-01 4.72069798e-01 2.42740905e-01
 9.99763923e+01 5.46047529e-01 5.89624085e-01 7.35829112e-03
 5.16833414e+02 3.00007964e+02 3.00005077e+02 2.99994383e+02
 2.99982460e+02]"
799,6.102216710525125,43.277418085986405,"[1.00003572e+02 1.92755765e-01 3.14194511e-01 9.66882708e-01
 1.00001692e+02 3.95370944e-01 4.00282659e-01 5.93921312e-01
 9.99868547e+01 3.77437967e-01 3.58953283e-01 6.04203053e-01
 1.00018579e+02 3.41586210e-01 3.83341193e-01 5.52432349e-01
 1.00009962e+02 3.73986126e-01 4.71813041e-01 2.42560098e-01
 9.99764526e+01 5.45833576e-01 5.89596340e-01 7.37431085e-03
 5.16833287e+02 3.00007786e+02 3.00005217e+02 2.99994360e+02
 2.99982355e+02]"
800,6.102216710525125,69.24327153867773,"[1.00003572e+02 1.92755765e-01 3.14194511e-01 9.66882708e-01
 1.00001692e+02 3.95370944e-01 4.00282659e-01 5.93921312e-01
 9.99868547e+01 3.77437967e-01 3.58953283e-01 6.04203053e-01
 1.00018579e+02 3.41586210e-01 3.83341193e-01 5.52432349e-01
 1.00009962e+02 3.73986126e-01 4.71813041e-01 2.42560098e-01
 9.99764526e+01 5.45833576e-01 5.89596340e-01 7.37431085e-03
 5.16833287e+02 3.00007786e+02 3.00005217e+02 2.99994360e+02
 2.99982355e+02]"
801,6.101773096399163,44.442963938928564,"[1.00003592e+02 1.92796543e-01 3.14183014e-01 9.66894101e-01
 1.00001709e+02 3.95400591e-01 4.00213080e-01 5.93904027e-01
 9.99869153e+01 3.77427645e-01 3.58889582e-01 6.04166390e-01
 1.00018603e+02 3.41568090e-01 3.83297575e-01 5.52423644e-01
 1.00010054e+02 3.73945310e-01 4.71747064e-01 2.42520896e-01
 9.99764739e+01 5.45814585e-01 5.89620763e-01 7.41262788e-03
 5.16833318e+02 3.00007760e+02 3.00005190e+02 2.99994386e+02
 2.99982344e+02]"
802,6.101698663625634,39.387282345168266,"[1.00003615e+02 1.92817888e-01 3.14158330e-01 9.66926023e-01
 1.00001683e+02 3.95414565e-01 4.00134238e-01 5.93853105e-01
 9.99869177e+01 3.77396423e-01 3.58892021e-01 6.04102031e-01
 1.00018656e+02 3.41585781e-01 3.83370063e-01 5.52432939e-01
 1.00009991e+02 3.73956851e-01 4.71749987e-01 2.42546890e-01
 9.99764771e+01 5.45834826e-01 5.89618607e-01 7.40179576e-03
 5.16833328e+02 3.00007687e+02 3.00005184e+02 2.99994364e+02
 2.99982419e+02]"
803,6.10148126030913,63.87179935667463,"[1.00003634e+02 1.92822705e-01 3.14106553e-01 9.67012485e-01
 1.00001689e+02 3.95359622e-01 4.00120174e-01 5.93841880e-01
 9.99869412e+01 3.77452192e-01 3.58909969e-01 6.04108515e-01
 1.00018653e+02 3.41578958e-01 3.83354755e-01 5.52367019e-01
 1.00010009e+02 3.73993802e-01 4.71758855e-01 2.42567516e-01
 9.99764246e+01 5.45800258e-01 5.89661052e-01 7.36381751e-03
 5.16833318e+02 3.00007709e+02 3.00005090e+02 2.99994329e+02
 2.99982411e+02]"
804,6.101427709548143,65.77388266048624,"[1.00003635e+02 1.92771619e-01 3.14099240e-01 9.66980210e-01
 1.00001682e+02 3.95318650e-01 4.00059864e-01 5.93864221e-01
 9.99869356e+01 3.77488060e-01 3.58978318e-01 6.04100810e-01
 1.00018666e+02 3.41567545e-01 3.83342788e-01 5.52337074e-01
 1.00010044e+02 3.73985258e-01 4.71682572e-01 2.42575739e-01
 9.99764284e+01 5.45834409e-01 5.89670453e-01 7.42864304e-03
 5.16833317e+02 3.00007775e+02 3.00005131e+02 2.99994274e+02
 2.99982475e+02]"
805,6.100952080271588,35.86046798567886,"[1.00003635e+02 1.92726302e-01 3.14089566e-01 9.66951513e-01
 1.00001707e+02 3.95264518e-01 4.00099806e-01 5.93773973e-01
 9.99869435e+01 3.77448802e-01 3.58939857e-01 6.04104419e-01
 1.00018606e+02 3.41562419e-01 3.83324566e-01 5.52358938e-01
 1.00010071e+02 3.73939720e-01 4.71706884e-01 2.42623394e-01
 9.99764115e+01 5.45769832e-01 5.89652392e-01 7.43747920e-03
 5.16833346e+02 3.00007768e+02 3.00005101e+02 2.99994258e+02
 2.99982556e+02]"
806,6.098720248414123,13.813701417559757,"[1.00003639e+02 1.92675873e-01 3.14020820e-01 9.66938237e-01
 1.00001713e+02 3.95353835e-01 4.00121092e-01 5.93738796e-01
 9.99869380e+01 3.77468951e-01 3.58918376e-01 6.03987465e-01
 1.00018609e+02 3.41534524e-01 3.83298381e-01 5.52284471e-01
 1.00010079e+02 3.73945933e-01 4.71706119e-01 2.42651131e-01
 9.99764087e+01 5.45732702e-01 5.89621731e-01 7.45894525e-03
 5.16833358e+02 3.00007772e+02 3.00005102e+02 2.99994269e+02
 2.99982562e+02]"
807,6.096211784975469,11.29036671699184,"[1.00003671e+02 1.92625842e-01 3.13891068e-01 9.66933786e-01
 1.00001776e+02 3.95488738e-01 4.00115772e-01 5.93652510e-01
 9.99868846e+01 3.77507831e-01 3.58818356e-01 6.03734227e-01
 1.00018647e+02 3.41478241e-01 3.83252480e-01 5.52127100e-01
 1.00010057e+02 3.73884372e-01 4.71743149e-01 2.42647734e-01
 9.99763869e+01 5.45725080e-01 5.89563996e-01 7.47570002e-03
 5.16833359e+02 3.00007764e+02 3.00005092e+02 2.99994249e+02
 2.99982585e+02]"
808,6.09443547725102,25.00890287443455,"[1.00003760e+02 1.92830899e-01 3.13552013e-01 9.66812069e-01
 1.00002050e+02 3.95723779e-01 4.00114820e-01 5.93674188e-01
 9.99870081e+01 3.77753416e-01 3.59024958e-01 6.03496036e-01
 1.00018588e+02 3.41555326e-01 3.83221790e-01 5.52101221e-01
 1.00009972e+02 3.74002069e-01 4.71809677e-01 2.42879533e-01
 9.99765398e+01 5.45674250e-01 5.89597938e-01 7.69996257e-03
 5.16833508e+02 3.00007762e+02 3.00005152e+02 2.99994307e+02
 2.99982626e+02]"
809,6.09443547725102,36.68953375864549,"[1.00003760e+02 1.92830899e-01 3.13552013e-01 9.66812069e-01
 1.00002050e+02 3.95723779e-01 4.00114820e-01 5.93674188e-01
 9.99870081e+01 3.77753416e-01 3.59024958e-01 6.03496036e-01
 1.00018588e+02 3.41555326e-01 3.83221790e-01 5.52101221e-01
 1.00009972e+02 3.74002069e-01 4.71809677e-01 2.42879533e-01
 9.99765398e+01 5.45674250e-01 5.89597938e-01 7.69996257e-03
 5.16833508e+02 3.00007762e+02 3.00005152e+02 2.99994307e+02
 2.99982626e+02]"
810,6.09443547725102,47.193977556494765,"[1.00003760e+02 1.92830899e-01 3.13552013e-01 9.66812069e-01
 1.00002050e+02 3.95723779e-01 4.00114820e-01 5.93674188e-01
 9.99870081e+01 3.77753416e-01 3.59024958e-01 6.03496036e-01
 1.00018588e+02 3.41555326e-01 3.83221790e-01 5.52101221e-01
 1.00009972e+02 3.74002069e-01 4.71809677e-01 2.42879533e-01
 9.99765398e+01 5.45674250e-01 5.89597938e-01 7.69996257e-03
 5.16833508e+02 3.00007762e+02 3.00005152e+02 2.99994307e+02
 2.99982626e+02]"
811,6.093574736468956,22.950087633123438,"[1.00003760e+02 1.92866707e-01 3.13559117e-01 9.66819652e-01
 1.00002052e+02 3.95711020e-01 4.00097216e-01 5.93660770e-01
 9.99870142e+01 3.77753504e-01 3.59026140e-01 6.03483020e-01
 1.00018585e+02 3.41566893e-01 3.83224357e-01 5.52100981e-01
 1.00009969e+02 3.73997792e-01 4.71801501e-01 2.42881413e-01
 9.99765439e+01 5.45667749e-01 5.89600141e-01 7.70786592e-03
 5.16833511e+02 3.00007761e+02 3.00005153e+02 2.99994312e+02
 2.99982622e+02]"
812,6.092245069646587,19.1340412752411,"[1.00003760e+02 1.92930011e-01 3.13556375e-01 9.66835904e-01
 1.00002056e+02 3.95690327e-01 4.00062580e-01 5.93636185e-01
 9.99870323e+01 3.77759418e-01 3.59025698e-01 6.03444794e-01
 1.00018579e+02 3.41594340e-01 3.83231617e-01 5.52095603e-01
 1.00009953e+02 3.73988624e-01 4.71782859e-01 2.42883404e-01
 9.99765502e+01 5.45656034e-01 5.89595055e-01 7.72703963e-03
 5.16833512e+02 3.00007755e+02 3.00005156e+02 2.99994318e+02
 2.99982612e+02]"
813,6.091478660621957,30.860895103286982,"[1.00003755e+02 1.92982783e-01 3.13576017e-01 9.66847852e-01
 1.00002019e+02 3.95723979e-01 4.00043286e-01 5.93634485e-01
 9.99870704e+01 3.77862121e-01 3.59051512e-01 6.03387636e-01
 1.00018624e+02 3.41618194e-01 3.83252999e-01 5.52073376e-01
 1.00009970e+02 3.74039632e-01 4.71740646e-01 2.42939603e-01
 9.99765303e+01 5.45640874e-01 5.89614176e-01 7.77535069e-03
 5.16833537e+02 3.00007751e+02 3.00005205e+02 2.99994338e+02
 2.99982561e+02]"
814,6.090302092378959,39.49389469277051,"[1.00003784e+02 1.93030219e-01 3.13625129e-01 9.66933578e-01
 1.00002102e+02 3.95780460e-01 3.99968594e-01 5.93585732e-01
 9.99870809e+01 3.77836691e-01 3.59126386e-01 6.03357344e-01
 1.00018547e+02 3.41610521e-01 3.83272429e-01 5.51922726e-01
 1.00010045e+02 3.73927488e-01 4.71728998e-01 2.43031007e-01
 9.99763916e+01 5.45646302e-01 5.89445701e-01 7.80395924e-03
 5.16833399e+02 3.00007748e+02 3.00005292e+02 2.99994367e+02
 2.99982526e+02]"
815,6.088810937173015,28.89839151670786,"[1.00003798e+02 1.93026377e-01 3.13631398e-01 9.66762366e-01
 1.00002112e+02 3.95741902e-01 3.99907928e-01 5.93457810e-01
 9.99870138e+01 3.77908777e-01 3.59171744e-01 6.03185495e-01
 1.00018528e+02 3.41657566e-01 3.83366348e-01 5.52021306e-01
 1.00010124e+02 3.73921454e-01 4.71756870e-01 2.43035210e-01
 9.99763467e+01 5.45616523e-01 5.89451301e-01 7.81681552e-03
 5.16833401e+02 3.00007553e+02 3.00005369e+02 2.99994310e+02
 2.99982533e+02]"
816,6.083621357309028,12.545379747008656,"[1.00003843e+02 1.92973317e-01 3.13617905e-01 9.66579484e-01
 1.00002216e+02 3.95892954e-01 3.99869495e-01 5.93317576e-01
 9.99869594e+01 3.77924169e-01 3.58911639e-01 6.02658158e-01
 1.00018458e+02 3.41605066e-01 3.83459112e-01 5.51937818e-01
 1.00010185e+02 3.73782852e-01 4.71759057e-01 2.43066279e-01
 9.99764788e+01 5.45556753e-01 5.89246109e-01 7.90795335e-03
 5.16833129e+02 3.00007439e+02 3.00005349e+02 2.99994151e+02
 2.99982428e+02]"
817,6.08296824878583,76.05002907695744,"[1.00004088e+02 1.92942127e-01 3.13489566e-01 9.66189553e-01
 1.00002629e+02 3.95946702e-01 3.99230807e-01 5.93395504e-01
 9.99866034e+01 3.78240190e-01 3.59196276e-01 6.02495781e-01
 1.00018462e+02 3.41633596e-01 3.83158360e-01 5.51828293e-01
 1.00009764e+02 3.74122993e-01 4.71036797e-01 2.43326697e-01
 9.99764746e+01 5.45954112e-01 5.89285132e-01 8.07952455e-03
 5.16832860e+02 3.00007388e+02 3.00005154e+02 2.99994055e+02
 2.99981891e+02]"
818,6.077657502937539,47.01428380825168,"[1.00004377e+02 1.93081644e-01 3.13797835e-01 9.66055452e-01
 1.00002323e+02 3.96584158e-01 3.99140813e-01 5.93301338e-01
 9.99861900e+01 3.78070057e-01 3.59700073e-01 6.02057542e-01
 1.00018223e+02 3.41844751e-01 3.83620866e-01 5.51623540e-01
 1.00009591e+02 3.74209318e-01 4.70955861e-01 2.43196011e-01
 9.99769084e+01 5.45808932e-01 5.89217551e-01 8.60981007e-03
 5.16833083e+02 3.00007616e+02 3.00004809e+02 2.99993590e+02
 2.99981975e+02]"
819,6.076871510310288,39.88965707814546,"[1.00005155e+02 1.93069698e-01 3.14324959e-01 9.65693515e-01
 1.00002669e+02 3.96707851e-01 3.98952202e-01 5.92923579e-01
 9.99863428e+01 3.78221741e-01 3.59477498e-01 6.02196827e-01
 1.00018418e+02 3.41811692e-01 3.83815147e-01 5.51316821e-01
 1.00009407e+02 3.74721636e-01 4.71041821e-01 2.43328683e-01
 9.99769931e+01 5.45297970e-01 5.88747134e-01 8.47711474e-03
 5.16833258e+02 3.00007737e+02 3.00005298e+02 2.99993518e+02
 2.99981914e+02]"
820,6.0726527707815565,31.241752269481157,"[1.00005834e+02 1.93089184e-01 3.14441442e-01 9.65198104e-01
 1.00002898e+02 3.96813270e-01 3.99157963e-01 5.92768901e-01
 9.99861972e+01 3.78502534e-01 3.59441009e-01 6.01966533e-01
 1.00018476e+02 3.41857308e-01 3.83749119e-01 5.51386222e-01
 1.00009200e+02 3.74061367e-01 4.71109373e-01 2.43858540e-01
 9.99769081e+01 5.45080218e-01 5.88294772e-01 8.02814315e-03
 5.16833425e+02 3.00007813e+02 3.00005341e+02 2.99994190e+02
 2.99981829e+02]"
821,6.066589960532732,14.08707878242453,"[1.00005803e+02 1.92892144e-01 3.14010580e-01 9.65139526e-01
 1.00002560e+02 3.97244876e-01 3.98615128e-01 5.92410033e-01
 9.99865621e+01 3.78500583e-01 3.59544007e-01 6.01753651e-01
 1.00018579e+02 3.42254847e-01 3.84487000e-01 5.51026267e-01
 1.00009207e+02 3.73934170e-01 4.71459166e-01 2.44127062e-01
 9.99770026e+01 5.44855993e-01 5.88189733e-01 8.26915763e-03
 5.16833393e+02 3.00007503e+02 3.00005648e+02 2.99993769e+02
 2.99982040e+02]"
822,6.066589960532732,113.38195510312686,"[1.00005803e+02 1.92892144e-01 3.14010580e-01 9.65139526e-01
 1.00002560e+02 3.97244876e-01 3.98615128e-01 5.92410033e-01
 9.99865621e+01 3.78500583e-01 3.59544007e-01 6.01753651e-01
 1.00018579e+02 3.42254847e-01 3.84487000e-01 5.51026267e-01
 1.00009207e+02 3.73934170e-01 4.71459166e-01 2.44127062e-01
 9.99770026e+01 5.44855993e-01 5.88189733e-01 8.26915763e-03
 5.16833393e+02 3.00007503e+02 3.00005648e+02 2.99993769e+02
 2.99982040e+02]"
823,6.066589960532732,94.15532432808635,"[1.00005803e+02 1.92892144e-01 3.14010580e-01 9.65139526e-01
 1.00002560e+02 3.97244876e-01 3.98615128e-01 5.92410033e-01
 9.99865621e+01 3.78500583e-01 3.59544007e-01 6.01753651e-01
 1.00018579e+02 3.42254847e-01 3.84487000e-01 5.51026267e-01
 1.00009207e+02 3.73934170e-01 4.71459166e-01 2.44127062e-01
 9.99770026e+01 5.44855993e-01 5.88189733e-01 8.26915763e-03
 5.16833393e+02 3.00007503e+02 3.00005648e+02 2.99993769e+02
 2.99982040e+02]"
824,6.066589960532732,90.91259531556365,"[1.00005803e+02 1.92892144e-01 3.14010580e-01 9.65139526e-01
 1.00002560e+02 3.97244876e-01 3.98615128e-01 5.92410033e-01
 9.99865621e+01 3.78500583e-01 3.59544007e-01 6.01753651e-01
 1.00018579e+02 3.42254847e-01 3.84487000e-01 5.51026267e-01
 1.00009207e+02 3.73934170e-01 4.71459166e-01 2.44127062e-01
 9.99770026e+01 5.44855993e-01 5.88189733e-01 8.26915763e-03
 5.16833393e+02 3.00007503e+02 3.00005648e+02 2.99993769e+02
 2.99982040e+02]"
825,6.066589960532732,78.03276632788663,"[1.00005803e+02 1.92892144e-01 3.14010580e-01 9.65139526e-01
 1.00002560e+02 3.97244876e-01 3.98615128e-01 5.92410033e-01
 9.99865621e+01 3.78500583e-01 3.59544007e-01 6.01753651e-01
 1.00018579e+02 3.42254847e-01 3.84487000e-01 5.51026267e-01
 1.00009207e+02 3.73934170e-01 4.71459166e-01 2.44127062e-01
 9.99770026e+01 5.44855993e-01 5.88189733e-01 8.26915763e-03
 5.16833393e+02 3.00007503e+02 3.00005648e+02 2.99993769e+02
 2.99982040e+02]"
826,6.0663847806347935,16.955743152178105,"[1.00005803e+02 1.92897206e-01 3.14011441e-01 9.65140236e-01
 1.00002560e+02 3.97239849e-01 3.98611456e-01 5.92404822e-01
 9.99865621e+01 3.78505005e-01 3.59545435e-01 6.01750316e-01
 1.00018579e+02 3.42252035e-01 3.84484711e-01 5.51022461e-01
 1.00009207e+02 3.73936029e-01 4.71460230e-01 2.44128946e-01
 9.99770025e+01 5.44854103e-01 5.88188593e-01 8.27003444e-03
 5.16833392e+02 3.00007504e+02 3.00005648e+02 2.99993769e+02
 2.99982040e+02]"
827,6.065999754058246,16.24611068245669,"[1.00005803e+02 1.92907253e-01 3.14013174e-01 9.65141601e-01
 1.00002561e+02 3.97229648e-01 3.98603892e-01 5.92394291e-01
 9.99865621e+01 3.78513561e-01 3.59548419e-01 6.01743509e-01
 1.00018579e+02 3.42246664e-01 3.84480265e-01 5.51015018e-01
 1.00009207e+02 3.73939834e-01 4.71462483e-01 2.44132835e-01
 9.99770023e+01 5.44850317e-01 5.88186393e-01 8.27184843e-03
 5.16833392e+02 3.00007504e+02 3.00005648e+02 2.99993769e+02
 2.99982040e+02]"
828,6.0653243243266575,15.311334096326867,"[1.00005803e+02 1.92925971e-01 3.14015241e-01 9.65143364e-01
 1.00002563e+02 3.97209940e-01 3.98588770e-01 5.92373205e-01
 9.99865625e+01 3.78530438e-01 3.59553425e-01 6.01728421e-01
 1.00018580e+02 3.42235930e-01 3.84470421e-01 5.50999530e-01
 1.00009208e+02 3.73947970e-01 4.71467832e-01 2.44141497e-01
 9.99770011e+01 5.44842828e-01 5.88182078e-01 8.27542190e-03
 5.16833392e+02 3.00007504e+02 3.00005648e+02 2.99993769e+02
 2.99982040e+02]"
829,6.06426594161439,12.981624278616355,"[1.00005804e+02 1.92953369e-01 3.14006765e-01 9.65137272e-01
 1.00002568e+02 3.97172566e-01 3.98559168e-01 5.92333795e-01
 9.99865610e+01 3.78559194e-01 3.59557130e-01 6.01687359e-01
 1.00018585e+02 3.42222403e-01 3.84445580e-01 5.50963908e-01
 1.00009211e+02 3.73964162e-01 4.71477420e-01 2.44168800e-01
 9.99770002e+01 5.44828582e-01 5.88178534e-01 8.27747286e-03
 5.16833391e+02 3.00007505e+02 3.00005648e+02 2.99993772e+02
 2.99982042e+02]"
830,6.062980945696446,13.02323602025244,"[1.00005796e+02 1.92980830e-01 3.13980234e-01 9.65130627e-01
 1.00002563e+02 3.97139928e-01 3.98473797e-01 5.92291662e-01
 9.99865187e+01 3.78637577e-01 3.59553773e-01 6.01602509e-01
 1.00018546e+02 3.42207967e-01 3.84390128e-01 5.50893147e-01
 1.00009190e+02 3.73975854e-01 4.71463645e-01 2.44184349e-01
 9.99770013e+01 5.44806584e-01 5.88181395e-01 8.30570322e-03
 5.16833437e+02 3.00007472e+02 3.00005642e+02 2.99993754e+02
 2.99982048e+02]"
831,6.059201432502752,9.805546536748606,"[1.00005785e+02 1.92929337e-01 3.13876690e-01 9.65099136e-01
 1.00002584e+02 3.97135366e-01 3.98432898e-01 5.92120400e-01
 9.99865108e+01 3.78665316e-01 3.59490155e-01 6.01319135e-01
 1.00018544e+02 3.42226956e-01 3.84369706e-01 5.50757795e-01
 1.00009188e+02 3.73996042e-01 4.71458590e-01 2.44237445e-01
 9.99770000e+01 5.44712550e-01 5.88117858e-01 8.37349224e-03
 5.16833431e+02 3.00007470e+02 3.00005640e+02 2.99993752e+02
 2.99982047e+02]"
832,6.057204076755942,20.776055256679985,"[1.00005832e+02 1.92891081e-01 3.13998495e-01 9.64973167e-01
 1.00002599e+02 3.97130786e-01 3.98540945e-01 5.91838139e-01
 9.99864129e+01 3.78904859e-01 3.59369067e-01 6.01175065e-01
 1.00018674e+02 3.42233434e-01 3.84418938e-01 5.50623712e-01
 1.00009523e+02 3.73928291e-01 4.71597080e-01 2.44533727e-01
 9.99770214e+01 5.44985194e-01 5.88169496e-01 8.52134382e-03
 5.16833516e+02 3.00007246e+02 3.00005806e+02 2.99993853e+02
 2.99982064e+02]"
833,6.057204076755942,63.10010549681772,"[1.00005832e+02 1.92891081e-01 3.13998495e-01 9.64973167e-01
 1.00002599e+02 3.97130786e-01 3.98540945e-01 5.91838139e-01
 9.99864129e+01 3.78904859e-01 3.59369067e-01 6.01175065e-01
 1.00018674e+02 3.42233434e-01 3.84418938e-01 5.50623712e-01
 1.00009523e+02 3.73928291e-01 4.71597080e-01 2.44533727e-01
 9.99770214e+01 5.44985194e-01 5.88169496e-01 8.52134382e-03
 5.16833516e+02 3.00007246e+02 3.00005806e+02 2.99993853e+02
 2.99982064e+02]"
834,6.056940623156688,38.1128352654711,"[1.00005879e+02 1.92938462e-01 3.13998574e-01 9.65060053e-01
 1.00002443e+02 3.97171252e-01 3.98484131e-01 5.91695640e-01
 9.99863591e+01 3.78884214e-01 3.59427006e-01 6.01094756e-01
 1.00018703e+02 3.42220811e-01 3.84354715e-01 5.50608381e-01
 1.00009450e+02 3.73842361e-01 4.71742048e-01 2.44489108e-01
 9.99769979e+01 5.45028236e-01 5.88155924e-01 8.56624712e-03
 5.16833544e+02 3.00007329e+02 3.00005934e+02 2.99993944e+02
 2.99981927e+02]"
835,6.056661764994879,72.09222675269488,"[1.00005911e+02 1.92893799e-01 3.13891413e-01 9.64985220e-01
 1.00002317e+02 3.97071279e-01 3.98474274e-01 5.91721928e-01
 9.99862914e+01 3.78926651e-01 3.59545312e-01 6.01045087e-01
 1.00018640e+02 3.42277566e-01 3.84401107e-01 5.50628565e-01
 1.00009588e+02 3.73883489e-01 4.71694543e-01 2.44565712e-01
 9.99771408e+01 5.45085660e-01 5.88094967e-01 8.55935501e-03
 5.16833603e+02 3.00007504e+02 3.00005961e+02 2.99993922e+02
 2.99981938e+02]"
836,6.05253288008222,14.118572545420978,"[1.00005872e+02 1.92837332e-01 3.13759379e-01 9.64941707e-01
 1.00002309e+02 3.97124002e-01 3.98468209e-01 5.91581010e-01
 9.99862710e+01 3.78838810e-01 3.59460472e-01 6.00780096e-01
 1.00018647e+02 3.42361126e-01 3.84416778e-01 5.50535823e-01
 1.00009602e+02 3.73859740e-01 4.71695224e-01 2.44631196e-01
 9.99771418e+01 5.45042380e-01 5.88020562e-01 8.65813096e-03
 5.16833604e+02 3.00007496e+02 3.00005958e+02 2.99993933e+02
 2.99981916e+02]"
837,6.0514213280950235,17.7970141317518,"[1.00005979e+02 1.92758284e-01 3.13728141e-01 9.64783888e-01
 1.00002461e+02 3.97112534e-01 3.98600057e-01 5.91366782e-01
 9.99859050e+01 3.78690828e-01 3.59404069e-01 6.00587388e-01
 1.00018730e+02 3.42369684e-01 3.84392090e-01 5.50414410e-01
 1.00009692e+02 3.73804531e-01 4.71709011e-01 2.44885866e-01
 9.99770326e+01 5.45307496e-01 5.88100189e-01 8.66280931e-03
 5.16833746e+02 3.00007503e+02 3.00006155e+02 2.99994103e+02
 2.99981628e+02]"
838,6.049569877610659,52.37082541615804,"[1.00006138e+02 1.92818314e-01 3.13725471e-01 9.64916413e-01
 1.00002629e+02 3.97002009e-01 3.98599167e-01 5.91174169e-01
 9.99861141e+01 3.78570041e-01 3.59583143e-01 6.00582417e-01
 1.00018716e+02 3.42716727e-01 3.84245245e-01 5.50407268e-01
 1.00009818e+02 3.73918690e-01 4.71567707e-01 2.45084528e-01
 9.99768403e+01 5.45349111e-01 5.88123669e-01 9.01215190e-03
 5.16833858e+02 3.00007528e+02 3.00006337e+02 2.99994185e+02
 2.99981785e+02]"
839,6.049569877610659,108.80068434917447,"[1.00006138e+02 1.92818314e-01 3.13725471e-01 9.64916413e-01
 1.00002629e+02 3.97002009e-01 3.98599167e-01 5.91174169e-01
 9.99861141e+01 3.78570041e-01 3.59583143e-01 6.00582417e-01
 1.00018716e+02 3.42716727e-01 3.84245245e-01 5.50407268e-01
 1.00009818e+02 3.73918690e-01 4.71567707e-01 2.45084528e-01
 9.99768403e+01 5.45349111e-01 5.88123669e-01 9.01215190e-03
 5.16833858e+02 3.00007528e+02 3.00006337e+02 2.99994185e+02
 2.99981785e+02]"
840,6.049466168678495,94.2937162746404,"[1.00006132e+02 1.92872730e-01 3.13713083e-01 9.64869081e-01
 1.00002583e+02 3.97031134e-01 3.98622353e-01 5.91145819e-01
 9.99861732e+01 3.78544971e-01 3.59566618e-01 6.00594712e-01
 1.00018718e+02 3.42739312e-01 3.84229387e-01 5.50369544e-01
 1.00009900e+02 3.73924257e-01 4.71617252e-01 2.45113974e-01
 9.99768334e+01 5.45294176e-01 5.88154304e-01 8.96147929e-03
 5.16833939e+02 3.00007507e+02 3.00006307e+02 2.99994201e+02
 2.99981746e+02]"
841,6.0473129147120765,11.715210883619463,"[1.00006137e+02 1.92846101e-01 3.13665244e-01 9.64849265e-01
 1.00002596e+02 3.97013310e-01 3.98594824e-01 5.91076730e-01
 9.99861696e+01 3.78616863e-01 3.59566854e-01 6.00481324e-01
 1.00018720e+02 3.42697014e-01 3.84186452e-01 5.50292378e-01
 1.00009908e+02 3.73944100e-01 4.71608131e-01 2.45145454e-01
 9.99768334e+01 5.45244127e-01 5.88124723e-01 8.98819941e-03
 5.16833940e+02 3.00007510e+02 3.00006306e+02 2.99994206e+02
 2.99981754e+02]"
842,6.04418465713997,10.838316250226386,"[1.00006147e+02 1.92838069e-01 3.13593909e-01 9.64774580e-01
 1.00002629e+02 3.96980311e-01 3.98491283e-01 5.90953223e-01
 9.99862353e+01 3.78675746e-01 3.59569817e-01 6.00300248e-01
 1.00018704e+02 3.42681901e-01 3.84111746e-01 5.50126420e-01
 1.00009842e+02 3.73962974e-01 4.71547132e-01 2.45198024e-01
 9.99768171e+01 5.45126074e-01 5.88016316e-01 9.06267718e-03
 5.16833921e+02 3.00007555e+02 3.00006221e+02 2.99994224e+02
 2.99981826e+02]"
843,6.043044311419716,25.089014443470603,"[1.00006226e+02 1.92767063e-01 3.13652142e-01 9.64779327e-01
 1.00002662e+02 3.96951491e-01 3.98409214e-01 5.90774673e-01
 9.99860025e+01 3.78760654e-01 3.59599361e-01 6.00171644e-01
 1.00018444e+02 3.42866872e-01 3.83718034e-01 5.50072954e-01
 1.00009719e+02 3.74093656e-01 4.71470441e-01 2.45029527e-01
 9.99766036e+01 5.45018908e-01 5.88278919e-01 9.04827545e-03
 5.16834149e+02 3.00007490e+02 3.00006352e+02 2.99994372e+02
 2.99981774e+02]"
844,6.043044311419716,66.36634836635183,"[1.00006226e+02 1.92767063e-01 3.13652142e-01 9.64779327e-01
 1.00002662e+02 3.96951491e-01 3.98409214e-01 5.90774673e-01
 9.99860025e+01 3.78760654e-01 3.59599361e-01 6.00171644e-01
 1.00018444e+02 3.42866872e-01 3.83718034e-01 5.50072954e-01
 1.00009719e+02 3.74093656e-01 4.71470441e-01 2.45029527e-01
 9.99766036e+01 5.45018908e-01 5.88278919e-01 9.04827545e-03
 5.16834149e+02 3.00007490e+02 3.00006352e+02 2.99994372e+02
 2.99981774e+02]"
845,6.042463083821928,42.91467616473511,"[1.00006202e+02 1.92758729e-01 3.13648647e-01 9.64801221e-01
 1.00002682e+02 3.97011108e-01 3.98450356e-01 5.90772324e-01
 9.99859959e+01 3.78783705e-01 3.59598947e-01 6.00172950e-01
 1.00018456e+02 3.42903589e-01 3.83687880e-01 5.49973515e-01
 1.00009748e+02 3.74105347e-01 4.71466018e-01 2.44995279e-01
 9.99765749e+01 5.45067471e-01 5.88251651e-01 9.11868825e-03
 5.16834180e+02 3.00007508e+02 3.00006292e+02 2.99994395e+02
 2.99981693e+02]"
846,6.0404364624115425,11.23708970557653,"[1.00006194e+02 1.92735583e-01 3.13596294e-01 9.64793590e-01
 1.00002692e+02 3.97046746e-01 3.98455296e-01 5.90701319e-01
 9.99859902e+01 3.78762154e-01 3.59551547e-01 6.00030545e-01
 1.00018452e+02 3.42938314e-01 3.83696294e-01 5.49908138e-01
 1.00009747e+02 3.74099365e-01 4.71457487e-01 2.45009045e-01
 9.99765714e+01 5.45027649e-01 5.88229759e-01 9.16142754e-03
 5.16834179e+02 3.00007504e+02 3.00006294e+02 2.99994385e+02
 2.99981689e+02]"
847,6.038851428240842,14.061366329396758,"[1.00006183e+02 1.92789973e-01 3.13537297e-01 9.64841213e-01
 1.00002599e+02 3.97187528e-01 3.98367219e-01 5.90587788e-01
 9.99858248e+01 3.78739626e-01 3.59514923e-01 5.99873037e-01
 1.00018460e+02 3.43008059e-01 3.83733643e-01 5.49797698e-01
 1.00009731e+02 3.74094034e-01 4.71540987e-01 2.44932301e-01
 9.99766045e+01 5.45004785e-01 5.88311837e-01 9.10837972e-03
 5.16834261e+02 3.00007460e+02 3.00006288e+02 2.99994309e+02
 2.99981646e+02]"
848,6.037718317610824,32.52142787896911,"[1.00006249e+02 1.92655988e-01 3.13226478e-01 9.65057513e-01
 1.00002401e+02 3.97104216e-01 3.98413194e-01 5.90514041e-01
 9.99858149e+01 3.78789870e-01 3.59670095e-01 5.99774778e-01
 1.00018329e+02 3.43193108e-01 3.83292393e-01 5.49870358e-01
 1.00009831e+02 3.74220197e-01 4.71469747e-01 2.44967293e-01
 9.99766208e+01 5.44784875e-01 5.88312338e-01 9.16896277e-03
 5.16834479e+02 3.00007488e+02 3.00006380e+02 2.99994264e+02
 2.99981464e+02]"
849,6.037718317610824,76.30056042552505,"[1.00006249e+02 1.92655988e-01 3.13226478e-01 9.65057513e-01
 1.00002401e+02 3.97104216e-01 3.98413194e-01 5.90514041e-01
 9.99858149e+01 3.78789870e-01 3.59670095e-01 5.99774778e-01
 1.00018329e+02 3.43193108e-01 3.83292393e-01 5.49870358e-01
 1.00009831e+02 3.74220197e-01 4.71469747e-01 2.44967293e-01
 9.99766208e+01 5.44784875e-01 5.88312338e-01 9.16896277e-03
 5.16834479e+02 3.00007488e+02 3.00006380e+02 2.99994264e+02
 2.99981464e+02]"
850,6.037681072561332,80.29008920947577,"[1.00006243e+02 1.92587474e-01 3.13192812e-01 9.65097031e-01
 1.00002442e+02 3.97049685e-01 3.98410538e-01 5.90446702e-01
 9.99858168e+01 3.78787766e-01 3.59703625e-01 5.99785977e-01
 1.00018281e+02 3.43219000e-01 3.83388910e-01 5.49839194e-01
 1.00009854e+02 3.74208920e-01 4.71482604e-01 2.44944386e-01
 9.99766506e+01 5.44782685e-01 5.88299360e-01 9.13907170e-03
 5.16834539e+02 3.00007440e+02 3.00006355e+02 2.99994303e+02
 2.99981479e+02]"
851,6.0354455287917705,13.214944781351013,"[1.00006254e+02 1.92673758e-01 3.13200289e-01 9.65115216e-01
 1.00002456e+02 3.97040896e-01 3.98378168e-01 5.90357965e-01
 9.99858227e+01 3.78789195e-01 3.59668086e-01 5.99650592e-01
 1.00018286e+02 3.43242886e-01 3.83383390e-01 5.49785763e-01
 1.00009842e+02 3.74211588e-01 4.71467525e-01 2.44957967e-01
 9.99766403e+01 5.44750923e-01 5.88292084e-01 9.16197682e-03
 5.16834541e+02 3.00007449e+02 3.00006363e+02 2.99994312e+02
 2.99981483e+02]"
852,6.0333352327452925,12.999302191498174,"[1.00006289e+02 1.92775745e-01 3.13127657e-01 9.65140822e-01
 1.00002445e+02 3.96971188e-01 3.98360529e-01 5.90285400e-01
 9.99859348e+01 3.78750511e-01 3.59678060e-01 5.99465197e-01
 1.00018218e+02 3.43272675e-01 3.83392778e-01 5.49748651e-01
 1.00009845e+02 3.74286251e-01 4.71349218e-01 2.44986786e-01
 9.99765917e+01 5.44577494e-01 5.88215260e-01 9.16439563e-03
 5.16834538e+02 3.00007508e+02 3.00006490e+02 2.99994400e+02
 2.99981518e+02]"
853,6.031950171576914,27.161964243883492,"[1.00006226e+02 1.92602401e-01 3.13135877e-01 9.65370154e-01
 1.00002598e+02 3.96963388e-01 3.98253435e-01 5.90018245e-01
 9.99858178e+01 3.78713927e-01 3.59687684e-01 5.99424766e-01
 1.00018086e+02 3.43502676e-01 3.83111877e-01 5.49708519e-01
 1.00009710e+02 3.74455746e-01 4.71391722e-01 2.44916533e-01
 9.99762862e+01 5.44532326e-01 5.88340078e-01 9.34939489e-03
 5.16834333e+02 3.00007375e+02 3.00006626e+02 2.99994237e+02
 2.99981661e+02]"
854,6.030752129772905,51.47371195408749,"[1.00006181e+02 1.92520279e-01 3.13102597e-01 9.65367189e-01
 1.00002812e+02 3.97101569e-01 3.98152944e-01 5.89998286e-01
 9.99856717e+01 3.78691763e-01 3.59539670e-01 5.99195024e-01
 1.00017803e+02 3.43650617e-01 3.82936545e-01 5.49720863e-01
 1.00009969e+02 3.74587709e-01 4.71213264e-01 2.44954265e-01
 9.99765660e+01 5.44605284e-01 5.88553956e-01 9.16845946e-03
 5.16834196e+02 3.00007587e+02 3.00006736e+02 2.99994119e+02
 2.99981654e+02]"
855,6.0290596662768525,53.975492321840136,"[1.00006206e+02 1.92490041e-01 3.13186294e-01 9.65474889e-01
 1.00002815e+02 3.97192678e-01 3.98277253e-01 5.89663265e-01
 9.99854826e+01 3.78748923e-01 3.59475215e-01 5.99174259e-01
 1.00017661e+02 3.43478929e-01 3.82769102e-01 5.49727452e-01
 1.00009847e+02 3.74539780e-01 4.71160778e-01 2.44886722e-01
 9.99765637e+01 5.44568402e-01 5.88892489e-01 9.36132531e-03
 5.16834408e+02 3.00007749e+02 3.00006816e+02 2.99994503e+02
 2.99981721e+02]"
856,6.027805823479437,9.753343007516932,"[1.00006184e+02 1.92463697e-01 3.12998755e-01 9.65281901e-01
 1.00002702e+02 3.97179845e-01 3.98045718e-01 5.89521847e-01
 9.99851775e+01 3.78854904e-01 3.59241342e-01 5.99090926e-01
 1.00017741e+02 3.43171798e-01 3.82563967e-01 5.49460381e-01
 1.00010040e+02 3.74443258e-01 4.71229654e-01 2.44947126e-01
 9.99767308e+01 5.44418893e-01 5.88864696e-01 9.38075546e-03
 5.16834402e+02 3.00007694e+02 3.00006675e+02 2.99994586e+02
 2.99981806e+02]"
857,6.027091804363918,61.98258249280052,"[1.00006110e+02 1.92600223e-01 3.13012289e-01 9.65404616e-01
 1.00002557e+02 3.97534094e-01 3.98193466e-01 5.89475742e-01
 9.99851119e+01 3.78813751e-01 3.59262942e-01 5.98837801e-01
 1.00017826e+02 3.43219129e-01 3.82473321e-01 5.49350933e-01
 1.00009933e+02 3.74419333e-01 4.71308569e-01 2.44647017e-01
 9.99770073e+01 5.44265515e-01 5.89103915e-01 9.39852542e-03
 5.16834244e+02 3.00007556e+02 3.00006870e+02 2.99994479e+02
 2.99981925e+02]"
858,6.02569192507227,69.94325808535693,"[1.00006170e+02 1.92484069e-01 3.12985170e-01 9.65465873e-01
 1.00002428e+02 3.97337154e-01 3.98258857e-01 5.89408700e-01
 9.99850321e+01 3.79129227e-01 3.59115330e-01 5.98709830e-01
 1.00017669e+02 3.43223562e-01 3.82425612e-01 5.49294999e-01
 1.00009839e+02 3.74591235e-01 4.71097904e-01 2.44496497e-01
 9.99768728e+01 5.44576188e-01 5.89079322e-01 9.53258988e-03
 5.16834133e+02 3.00007446e+02 3.00007196e+02 2.99994250e+02
 2.99981977e+02]"
859,6.02569192507227,111.22262323921076,"[1.00006170e+02 1.92484069e-01 3.12985170e-01 9.65465873e-01
 1.00002428e+02 3.97337154e-01 3.98258857e-01 5.89408700e-01
 9.99850321e+01 3.79129227e-01 3.59115330e-01 5.98709830e-01
 1.00017669e+02 3.43223562e-01 3.82425612e-01 5.49294999e-01
 1.00009839e+02 3.74591235e-01 4.71097904e-01 2.44496497e-01
 9.99768728e+01 5.44576188e-01 5.89079322e-01 9.53258988e-03
 5.16834133e+02 3.00007446e+02 3.00007196e+02 2.99994250e+02
 2.99981977e+02]"
860,6.025318973003831,166.64591360437504,"[1.00006173e+02 1.92538590e-01 3.12955339e-01 9.65416641e-01
 1.00002397e+02 3.97318780e-01 3.98334441e-01 5.89303827e-01
 9.99850280e+01 3.79115009e-01 3.59123612e-01 5.98746238e-01
 1.00017701e+02 3.43241022e-01 3.82432064e-01 5.49289681e-01
 1.00009826e+02 3.74650234e-01 4.71080075e-01 2.44484529e-01
 9.99769076e+01 5.44601934e-01 5.89050722e-01 9.51970243e-03
 5.16834103e+02 3.00007508e+02 3.00007141e+02 2.99994225e+02
 2.99981983e+02]"
861,6.022494496550624,16.477212571792524,"[1.00006173e+02 1.92578239e-01 3.12940744e-01 9.65416894e-01
 1.00002396e+02 3.97278351e-01 3.98287306e-01 5.89231780e-01
 9.99850324e+01 3.79100043e-01 3.59090491e-01 5.98631591e-01
 1.00017709e+02 3.43340308e-01 3.82469570e-01 5.49265683e-01
 1.00009819e+02 3.74609132e-01 4.71034426e-01 2.44475192e-01
 9.99769016e+01 5.44591422e-01 5.89040014e-01 9.55460330e-03
 5.16834109e+02 3.00007517e+02 3.00007139e+02 2.99994226e+02
 2.99981985e+02]"
862,6.02112640939813,23.18312087806826,"[1.00006262e+02 1.92612857e-01 3.13030874e-01 9.65464046e-01
 1.00002493e+02 3.97253080e-01 3.98293130e-01 5.89163998e-01
 9.99851442e+01 3.78967107e-01 3.59037900e-01 5.98478497e-01
 1.00017827e+02 3.43414605e-01 3.82481388e-01 5.49249486e-01
 1.00009798e+02 3.74507731e-01 4.71002554e-01 2.44417949e-01
 9.99768750e+01 5.44568761e-01 5.89050816e-01 9.52230006e-03
 5.16833951e+02 3.00007631e+02 3.00007209e+02 2.99994230e+02
 2.99981984e+02]"
863,6.018806963087537,26.10897068350128,"[1.00006263e+02 1.92694455e-01 3.12771745e-01 9.65740439e-01
 1.00002706e+02 3.97313281e-01 3.98298921e-01 5.89118263e-01
 9.99851890e+01 3.79096743e-01 3.59207647e-01 5.98330493e-01
 1.00017736e+02 3.43401468e-01 3.82410113e-01 5.48926388e-01
 1.00009789e+02 3.74398298e-01 4.70673263e-01 2.44318027e-01
 9.99771535e+01 5.44637744e-01 5.89058159e-01 9.63170526e-03
 5.16833841e+02 3.00007727e+02 3.00007282e+02 2.99994191e+02
 2.99981777e+02]"
864,6.0179493521480385,80.83727054918675,"[1.00006164e+02 1.92668484e-01 3.12656937e-01 9.65950687e-01
 1.00002590e+02 3.96973378e-01 3.98808427e-01 5.89234682e-01
 9.99851086e+01 3.78891263e-01 3.59718785e-01 5.98120832e-01
 1.00017579e+02 3.43332171e-01 3.82534900e-01 5.48461181e-01
 1.00009654e+02 3.74851839e-01 4.70621051e-01 2.44330904e-01
 9.99772766e+01 5.43799545e-01 5.89650524e-01 9.48390086e-03
 5.16833733e+02 3.00007639e+02 3.00007782e+02 2.99993939e+02
 2.99981748e+02]"
865,6.0179493521480385,88.01740186862777,"[1.00006164e+02 1.92668484e-01 3.12656937e-01 9.65950687e-01
 1.00002590e+02 3.96973378e-01 3.98808427e-01 5.89234682e-01
 9.99851086e+01 3.78891263e-01 3.59718785e-01 5.98120832e-01
 1.00017579e+02 3.43332171e-01 3.82534900e-01 5.48461181e-01
 1.00009654e+02 3.74851839e-01 4.70621051e-01 2.44330904e-01
 9.99772766e+01 5.43799545e-01 5.89650524e-01 9.48390086e-03
 5.16833733e+02 3.00007639e+02 3.00007782e+02 2.99993939e+02
 2.99981748e+02]"
866,6.0179493521480385,269.03378622264444,"[1.00006164e+02 1.92668484e-01 3.12656937e-01 9.65950687e-01
 1.00002590e+02 3.96973378e-01 3.98808427e-01 5.89234682e-01
 9.99851086e+01 3.78891263e-01 3.59718785e-01 5.98120832e-01
 1.00017579e+02 3.43332171e-01 3.82534900e-01 5.48461181e-01
 1.00009654e+02 3.74851839e-01 4.70621051e-01 2.44330904e-01
 9.99772766e+01 5.43799545e-01 5.89650524e-01 9.48390086e-03
 5.16833733e+02 3.00007639e+02 3.00007782e+02 2.99993939e+02
 2.99981748e+02]"
867,6.017434596801521,107.25453938517502,"[1.00006165e+02 1.92674356e-01 3.12676697e-01 9.65915822e-01
 1.00002569e+02 3.96974890e-01 3.98783880e-01 5.89249062e-01
 9.99851426e+01 3.78886017e-01 3.59741820e-01 5.98088239e-01
 1.00017577e+02 3.43381640e-01 3.82542784e-01 5.48475874e-01
 1.00009648e+02 3.74859309e-01 4.70607517e-01 2.44309328e-01
 9.99772916e+01 5.43814875e-01 5.89675236e-01 9.49117866e-03
 5.16833733e+02 3.00007626e+02 3.00007777e+02 2.99993948e+02
 2.99981735e+02]"
868,6.01739817084598,65.663321114244,"[1.00006164e+02 1.92684271e-01 3.12674218e-01 9.65915981e-01
 1.00002573e+02 3.96981648e-01 3.98802701e-01 5.89247380e-01
 9.99851546e+01 3.78872845e-01 3.59757840e-01 5.98058378e-01
 1.00017555e+02 3.43386937e-01 3.82519774e-01 5.48496896e-01
 1.00009705e+02 3.74864618e-01 4.70638643e-01 2.44324349e-01
 9.99773027e+01 5.43817331e-01 5.89669814e-01 9.51114770e-03
 5.16833709e+02 3.00007634e+02 3.00007777e+02 2.99993918e+02
 2.99981711e+02]"
869,6.017151687807211,32.0661171248866,"[1.00006165e+02 1.92680671e-01 3.12696673e-01 9.65922176e-01
 1.00002573e+02 3.96977592e-01 3.98750311e-01 5.89244902e-01
 9.99851594e+01 3.78837341e-01 3.59761447e-01 5.98029161e-01
 1.00017542e+02 3.43380725e-01 3.82495187e-01 5.48470213e-01
 1.00009701e+02 3.74874447e-01 4.70647344e-01 2.44295132e-01
 9.99773131e+01 5.43795056e-01 5.89647963e-01 9.51712125e-03
 5.16833721e+02 3.00007637e+02 3.00007755e+02 2.99993905e+02
 2.99981737e+02]"
870,6.016842402827943,36.692457294407646,"[1.00006161e+02 1.92703168e-01 3.12675651e-01 9.65924552e-01
 1.00002575e+02 3.96996423e-01 3.98744007e-01 5.89250667e-01
 9.99851739e+01 3.78829633e-01 3.59698548e-01 5.97992504e-01
 1.00017530e+02 3.43382166e-01 3.82497959e-01 5.48474583e-01
 1.00009707e+02 3.74898521e-01 4.70644678e-01 2.44294987e-01
 9.99773347e+01 5.43781469e-01 5.89654079e-01 9.48800762e-03
 5.16833707e+02 3.00007621e+02 3.00007771e+02 2.99993929e+02
 2.99981747e+02]"
871,6.015622703670215,12.997380695056489,"[1.00006159e+02 1.92714037e-01 3.12651849e-01 9.65915350e-01
 1.00002578e+02 3.96981802e-01 3.98731790e-01 5.89218867e-01
 9.99851722e+01 3.78817406e-01 3.59678391e-01 5.97936101e-01
 1.00017529e+02 3.43429344e-01 3.82519955e-01 5.48462648e-01
 1.00009714e+02 3.74873152e-01 4.70621874e-01 2.44298708e-01
 9.99773374e+01 5.43765698e-01 5.89649432e-01 9.50592588e-03
 5.16833705e+02 3.00007620e+02 3.00007775e+02 2.99993938e+02
 2.99981746e+02]"
872,6.013793653432623,13.007761127795916,"[1.00006153e+02 1.92680047e-01 3.12606335e-01 9.65910081e-01
 1.00002608e+02 3.96955734e-01 3.98718156e-01 5.89168501e-01
 9.99851268e+01 3.78813340e-01 3.59638114e-01 5.97834596e-01
 1.00017516e+02 3.43505850e-01 3.82563407e-01 5.48406087e-01
 1.00009673e+02 3.74814932e-01 4.70600477e-01 2.44293264e-01
 9.99773443e+01 5.43757166e-01 5.89663022e-01 9.56269041e-03
 5.16833700e+02 3.00007593e+02 3.00007767e+02 2.99993926e+02
 2.99981745e+02]"
873,6.011401580319292,14.693810022488424,"[1.00006166e+02 1.92627400e-01 3.12517893e-01 9.65820188e-01
 1.00002526e+02 3.96940975e-01 3.98577804e-01 5.89055489e-01
 9.99850494e+01 3.78916661e-01 3.59507509e-01 5.97670181e-01
 1.00017431e+02 3.43574142e-01 3.82631605e-01 5.48392476e-01
 1.00009658e+02 3.74797577e-01 4.70659447e-01 2.44270359e-01
 9.99773107e+01 5.43760458e-01 5.89635217e-01 9.66092857e-03
 5.16833682e+02 3.00007671e+02 3.00007828e+02 2.99993895e+02
 2.99981655e+02]"
874,6.011239630628441,16.517276359714053,"[1.00005898e+02 1.92287806e-01 3.12457536e-01 9.65948353e-01
 1.00002426e+02 3.97042165e-01 3.98455161e-01 5.88845341e-01
 9.99850296e+01 3.78863658e-01 3.59615265e-01 5.97381073e-01
 1.00017216e+02 3.43568709e-01 3.82676269e-01 5.48472820e-01
 1.00009712e+02 3.74536983e-01 4.70616681e-01 2.44446313e-01
 9.99773302e+01 5.43460817e-01 5.89707110e-01 9.66925452e-03
 5.16833762e+02 3.00007843e+02 3.00007735e+02 2.99993878e+02
 2.99981679e+02]"
875,6.011239630628441,61.82255972697133,"[1.00005898e+02 1.92287806e-01 3.12457536e-01 9.65948353e-01
 1.00002426e+02 3.97042165e-01 3.98455161e-01 5.88845341e-01
 9.99850296e+01 3.78863658e-01 3.59615265e-01 5.97381073e-01
 1.00017216e+02 3.43568709e-01 3.82676269e-01 5.48472820e-01
 1.00009712e+02 3.74536983e-01 4.70616681e-01 2.44446313e-01
 9.99773302e+01 5.43460817e-01 5.89707110e-01 9.66925452e-03
 5.16833762e+02 3.00007843e+02 3.00007735e+02 2.99993878e+02
 2.99981679e+02]"
876,6.010750537599487,63.38477957980327,"[1.00005895e+02 1.92321126e-01 3.12392678e-01 9.65878270e-01
 1.00002426e+02 3.97041693e-01 3.98476650e-01 5.88786461e-01
 9.99850634e+01 3.78910284e-01 3.59619841e-01 5.97345281e-01
 1.00017197e+02 3.43517638e-01 3.82647064e-01 5.48501711e-01
 1.00009713e+02 3.74548088e-01 4.70643029e-01 2.44455108e-01
 9.99773930e+01 5.43465806e-01 5.89724192e-01 9.59558696e-03
 5.16833752e+02 3.00007833e+02 3.00007702e+02 2.99993794e+02
 2.99981700e+02]"
877,6.009371800603945,60.65901985095812,"[1.00005893e+02 1.92380593e-01 3.12395634e-01 9.65909029e-01
 1.00002420e+02 3.97052618e-01 3.98467401e-01 5.88712769e-01
 9.99850370e+01 3.78918824e-01 3.59674527e-01 5.97319267e-01
 1.00017256e+02 3.43490243e-01 3.82630817e-01 5.48523298e-01
 1.00009656e+02 3.74458779e-01 4.70633014e-01 2.44390611e-01
 9.99773911e+01 5.43462668e-01 5.89704061e-01 9.58070161e-03
 5.16833717e+02 3.00007851e+02 3.00007775e+02 2.99993811e+02
 2.99981707e+02]"
878,6.009371800603945,47.50917166562202,"[1.00005893e+02 1.92380593e-01 3.12395634e-01 9.65909029e-01
 1.00002420e+02 3.97052618e-01 3.98467401e-01 5.88712769e-01
 9.99850370e+01 3.78918824e-01 3.59674527e-01 5.97319267e-01
 1.00017256e+02 3.43490243e-01 3.82630817e-01 5.48523298e-01
 1.00009656e+02 3.74458779e-01 4.70633014e-01 2.44390611e-01
 9.99773911e+01 5.43462668e-01 5.89704061e-01 9.58070161e-03
 5.16833717e+02 3.00007851e+02 3.00007775e+02 2.99993811e+02
 2.99981707e+02]"
879,6.008757930717473,27.123680103580043,"[1.00005887e+02 1.92415454e-01 3.12379504e-01 9.65939890e-01
 1.00002426e+02 3.97070113e-01 3.98464364e-01 5.88699483e-01
 9.99850369e+01 3.78939678e-01 3.59691338e-01 5.97299698e-01
 1.00017259e+02 3.43490699e-01 3.82660679e-01 5.48516865e-01
 1.00009649e+02 3.74477834e-01 4.70679332e-01 2.44390257e-01
 9.99774232e+01 5.43450062e-01 5.89703219e-01 9.60969862e-03
 5.16833711e+02 3.00007869e+02 3.00007776e+02 2.99993826e+02
 2.99981728e+02]"
880,6.008582041594499,99.24757511331276,"[1.00005886e+02 1.92380254e-01 3.12452029e-01 9.65950583e-01
 1.00002374e+02 3.97057544e-01 3.98511609e-01 5.88687878e-01
 9.99850367e+01 3.78972509e-01 3.59656723e-01 5.97271356e-01
 1.00017354e+02 3.43501261e-01 3.82584870e-01 5.48457802e-01
 1.00009634e+02 3.74479118e-01 4.70724548e-01 2.44390942e-01
 9.99774553e+01 5.43458664e-01 5.89683494e-01 9.61602718e-03
 5.16833703e+02 3.00007933e+02 3.00007746e+02 2.99993807e+02
 2.99981742e+02]"
881,6.006084376283182,17.103206307118608,"[1.00005904e+02 1.92473622e-01 3.12482257e-01 9.65981756e-01
 1.00002399e+02 3.96994898e-01 3.98458955e-01 5.88610924e-01
 9.99850263e+01 3.78991940e-01 3.59639019e-01 5.97181140e-01
 1.00017336e+02 3.43511993e-01 3.82600979e-01 5.48402379e-01
 1.00009643e+02 3.74500290e-01 4.70710409e-01 2.44395472e-01
 9.99774327e+01 5.43404128e-01 5.89663826e-01 9.63139704e-03
 5.16833698e+02 3.00007917e+02 3.00007721e+02 2.99993800e+02
 2.99981731e+02]"
882,6.003643759003124,12.2934103516739,"[1.00005866e+02 1.92593266e-01 3.12441259e-01 9.66059502e-01
 1.00002455e+02 3.96942566e-01 3.98379103e-01 5.88409976e-01
 9.99849937e+01 3.79061941e-01 3.59613853e-01 5.96988692e-01
 1.00017311e+02 3.43524921e-01 3.82662015e-01 5.48304320e-01
 1.00009562e+02 3.74570771e-01 4.70677582e-01 2.44451615e-01
 9.99774637e+01 5.43321168e-01 5.89611569e-01 9.71294835e-03
 5.16833741e+02 3.00007938e+02 3.00007715e+02 2.99993835e+02
 2.99981708e+02]"
883,6.0018901627139405,27.1100735468772,"[1.00005943e+02 1.92519934e-01 3.12413316e-01 9.66251531e-01
 1.00002737e+02 3.97031805e-01 3.98258516e-01 5.88400576e-01
 9.99849048e+01 3.79057750e-01 3.59771519e-01 5.96826473e-01
 1.00017201e+02 3.43455787e-01 3.82939619e-01 5.47987716e-01
 1.00009551e+02 3.74492164e-01 4.70902769e-01 2.44170477e-01
 9.99774158e+01 5.43216129e-01 5.89603630e-01 9.61780634e-03
 5.16833687e+02 3.00008037e+02 3.00007670e+02 2.99993539e+02
 2.99981573e+02]"
884,6.000536474967719,48.81560139638034,"[1.00005994e+02 1.92547380e-01 3.12318405e-01 9.66128037e-01
 1.00002632e+02 3.97187194e-01 3.98398049e-01 5.88163485e-01
 9.99846989e+01 3.79109492e-01 3.59938176e-01 5.96897156e-01
 1.00016996e+02 3.43795242e-01 3.83084337e-01 5.47714752e-01
 1.00009626e+02 3.74526698e-01 4.70897354e-01 2.44163550e-01
 9.99775686e+01 5.43144881e-01 5.89631045e-01 9.47555980e-03
 5.16833368e+02 3.00007917e+02 3.00007535e+02 2.99993671e+02
 2.99981653e+02]"
885,6.000536474967719,134.466014834242,"[1.00005994e+02 1.92547380e-01 3.12318405e-01 9.66128037e-01
 1.00002632e+02 3.97187194e-01 3.98398049e-01 5.88163485e-01
 9.99846989e+01 3.79109492e-01 3.59938176e-01 5.96897156e-01
 1.00016996e+02 3.43795242e-01 3.83084337e-01 5.47714752e-01
 1.00009626e+02 3.74526698e-01 4.70897354e-01 2.44163550e-01
 9.99775686e+01 5.43144881e-01 5.89631045e-01 9.47555980e-03
 5.16833368e+02 3.00007917e+02 3.00007535e+02 2.99993671e+02
 2.99981653e+02]"
886,6.000252632460019,73.12064296116772,"[1.00005997e+02 1.92544040e-01 3.12289531e-01 9.66103978e-01
 1.00002681e+02 3.97216770e-01 3.98420802e-01 5.88233642e-01
 9.99846285e+01 3.79095767e-01 3.59910621e-01 5.96878743e-01
 1.00016987e+02 3.43790412e-01 3.83104167e-01 5.47725149e-01
 1.00009603e+02 3.74479635e-01 4.70918147e-01 2.44238873e-01
 9.99775653e+01 5.43059587e-01 5.89546542e-01 9.46964655e-03
 5.16833340e+02 3.00007898e+02 3.00007500e+02 2.99993679e+02
 2.99981654e+02]"
887,6.000252632460019,76.85299585309421,"[1.00005997e+02 1.92544040e-01 3.12289531e-01 9.66103978e-01
 1.00002681e+02 3.97216770e-01 3.98420802e-01 5.88233642e-01
 9.99846285e+01 3.79095767e-01 3.59910621e-01 5.96878743e-01
 1.00016987e+02 3.43790412e-01 3.83104167e-01 5.47725149e-01
 1.00009603e+02 3.74479635e-01 4.70918147e-01 2.44238873e-01
 9.99775653e+01 5.43059587e-01 5.89546542e-01 9.46964655e-03
 5.16833340e+02 3.00007898e+02 3.00007500e+02 2.99993679e+02
 2.99981654e+02]"
888,6.000252632460019,48.9584172869598,"[1.00005997e+02 1.92544040e-01 3.12289531e-01 9.66103978e-01
 1.00002681e+02 3.97216770e-01 3.98420802e-01 5.88233642e-01
 9.99846285e+01 3.79095767e-01 3.59910621e-01 5.96878743e-01
 1.00016987e+02 3.43790412e-01 3.83104167e-01 5.47725149e-01
 1.00009603e+02 3.74479635e-01 4.70918147e-01 2.44238873e-01
 9.99775653e+01 5.43059587e-01 5.89546542e-01 9.46964655e-03
 5.16833340e+02 3.00007898e+02 3.00007500e+02 2.99993679e+02
 2.99981654e+02]"
889,6.00024574728405,35.18959130415238,"[1.00005997e+02 1.92543557e-01 3.12289361e-01 9.66101336e-01
 1.00002684e+02 3.97215701e-01 3.98417340e-01 5.88233346e-01
 9.99846289e+01 3.79088908e-01 3.59910088e-01 5.96876019e-01
 1.00016989e+02 3.43793960e-01 3.83103801e-01 5.47727266e-01
 1.00009603e+02 3.74479350e-01 4.70917062e-01 2.44239990e-01
 9.99775677e+01 5.43055686e-01 5.89552016e-01 9.47200779e-03
 5.16833339e+02 3.00007899e+02 3.00007501e+02 2.99993679e+02
 2.99981656e+02]"
890,6.000214005786766,44.87627540391044,"[1.00005997e+02 1.92548197e-01 3.12291452e-01 9.66102032e-01
 1.00002682e+02 3.97216797e-01 3.98415442e-01 5.88233738e-01
 9.99846297e+01 3.79092145e-01 3.59905965e-01 5.96871323e-01
 1.00016990e+02 3.43794031e-01 3.83106446e-01 5.47727229e-01
 1.00009600e+02 3.74479484e-01 4.70917761e-01 2.44241677e-01
 9.99775722e+01 5.43056796e-01 5.89552884e-01 9.47079519e-03
 5.16833340e+02 3.00007894e+02 3.00007502e+02 2.99993680e+02
 2.99981659e+02]"
891,6.000085738500784,9.988276921190398,"[1.00005997e+02 1.92549531e-01 3.12289604e-01 9.66101571e-01
 1.00002683e+02 3.97214650e-01 3.98413131e-01 5.88228452e-01
 9.99846297e+01 3.79094384e-01 3.59905066e-01 5.96863818e-01
 1.00016990e+02 3.43791806e-01 3.83104684e-01 5.47722455e-01
 1.00009600e+02 3.74482263e-01 4.70918896e-01 2.44244092e-01
 9.99775721e+01 5.43053764e-01 5.89550914e-01 9.47234554e-03
 5.16833340e+02 3.00007894e+02 3.00007502e+02 2.99993680e+02
 2.99981659e+02]"
892,5.999833680810055,9.949106358480606,"[1.00005997e+02 1.92551953e-01 3.12285719e-01 9.66100525e-01
 1.00002684e+02 3.97210463e-01 3.98408534e-01 5.88217939e-01
 9.99846294e+01 3.79098715e-01 3.59903096e-01 5.96848579e-01
 1.00016990e+02 3.43787536e-01 3.83101332e-01 5.47712907e-01
 1.00009600e+02 3.74487549e-01 4.70920969e-01 2.44248907e-01
 9.99775721e+01 5.43047596e-01 5.89546901e-01 9.47551687e-03
 5.16833340e+02 3.00007894e+02 3.00007502e+02 2.99993680e+02
 2.99981659e+02]"
893,5.999344264008728,10.28749006201064,"[1.00005996e+02 1.92556012e-01 3.12277293e-01 9.66098883e-01
 1.00002687e+02 3.97203109e-01 3.98400037e-01 5.88196389e-01
 9.99846294e+01 3.79107027e-01 3.59898352e-01 5.96817158e-01
 1.00016988e+02 3.43780218e-01 3.83094794e-01 5.47693829e-01
 1.00009600e+02 3.74496434e-01 4.70924246e-01 2.44258315e-01
 9.99775724e+01 5.43035346e-01 5.89538984e-01 9.48228365e-03
 5.16833339e+02 3.00007895e+02 3.00007503e+02 2.99993680e+02
 2.99981658e+02]"
894,5.99841585756764,9.148479392552192,"[1.00005995e+02 1.92560266e-01 3.12254788e-01 9.66094310e-01
 1.00002700e+02 3.97187489e-01 3.98381220e-01 5.88156312e-01
 9.99846288e+01 3.79111028e-01 3.59881800e-01 5.96751512e-01
 1.00016987e+02 3.43764625e-01 3.83086903e-01 5.47662244e-01
 1.00009600e+02 3.74506420e-01 4.70923582e-01 2.44278657e-01
 9.99775745e+01 5.43009399e-01 5.89517400e-01 9.49327083e-03
 5.16833343e+02 3.00007898e+02 3.00007505e+02 2.99993680e+02
 2.99981650e+02]"
895,5.997044740895131,11.768738736534369,"[1.00005994e+02 1.92564525e-01 3.12198830e-01 9.66095280e-01
 1.00002755e+02 3.97189106e-01 3.98318363e-01 5.88096570e-01
 9.99846367e+01 3.79121382e-01 3.59853026e-01 5.96647154e-01
 1.00016961e+02 3.43748557e-01 3.83099029e-01 5.47632187e-01
 1.00009551e+02 3.74511426e-01 4.70898519e-01 2.44293772e-01
 9.99775515e+01 5.42975125e-01 5.89487348e-01 9.51796383e-03
 5.16833405e+02 3.00007903e+02 3.00007546e+02 2.99993655e+02
 2.99981600e+02]"
896,5.993353624556197,9.09862042320387,"[1.00005977e+02 1.92538530e-01 3.12100665e-01 9.66053464e-01
 1.00002770e+02 3.97155461e-01 3.98265462e-01 5.87929984e-01
 9.99846391e+01 3.79165542e-01 3.59805472e-01 5.96367457e-01
 1.00016952e+02 3.43772288e-01 3.83077370e-01 5.47492970e-01
 1.00009551e+02 3.74522854e-01 4.70885171e-01 2.44357768e-01
 9.99775557e+01 5.42867117e-01 5.89428787e-01 9.58329447e-03
 5.16833408e+02 3.00007908e+02 3.00007551e+02 2.99993649e+02
 2.99981598e+02]"
897,5.9911726207034555,20.001548227822123,"[1.00005858e+02 1.92556309e-01 3.11818765e-01 9.66072632e-01
 1.00002652e+02 3.97095690e-01 3.98386369e-01 5.87665194e-01
 9.99845180e+01 3.79296052e-01 3.59781294e-01 5.96276277e-01
 1.00016880e+02 3.43658575e-01 3.83238953e-01 5.47586729e-01
 1.00009281e+02 3.74267426e-01 4.70815922e-01 2.44557774e-01
 9.99774733e+01 5.42779173e-01 5.89369078e-01 9.94562392e-03
 5.16833208e+02 3.00007950e+02 3.00007608e+02 2.99993521e+02
 2.99981618e+02]"
898,5.9911726207034555,28.326970258889176,"[1.00005858e+02 1.92556309e-01 3.11818765e-01 9.66072632e-01
 1.00002652e+02 3.97095690e-01 3.98386369e-01 5.87665194e-01
 9.99845180e+01 3.79296052e-01 3.59781294e-01 5.96276277e-01
 1.00016880e+02 3.43658575e-01 3.83238953e-01 5.47586729e-01
 1.00009281e+02 3.74267426e-01 4.70815922e-01 2.44557774e-01
 9.99774733e+01 5.42779173e-01 5.89369078e-01 9.94562392e-03
 5.16833208e+02 3.00007950e+02 3.00007608e+02 2.99993521e+02
 2.99981618e+02]"
899,5.9904119623259255,48.148663997891404,"[1.00005861e+02 1.92509742e-01 3.11789219e-01 9.66148760e-01
 1.00002740e+02 3.97056267e-01 3.98287793e-01 5.87622074e-01
 9.99845534e+01 3.79249561e-01 3.59766709e-01 5.96239918e-01
 1.00016826e+02 3.43742370e-01 3.83082636e-01 5.47572785e-01
 1.00009166e+02 3.74262273e-01 4.70852186e-01 2.44718643e-01
 9.99774934e+01 5.42790495e-01 5.89414952e-01 9.83220332e-03
 5.16833058e+02 3.00007971e+02 3.00007715e+02 2.99993468e+02
 2.99981709e+02]"
900,5.990184445100331,35.42566285554005,"[1.00005857e+02 1.92583433e-01 3.11538002e-01 9.66175269e-01
 1.00002677e+02 3.96945817e-01 3.98293637e-01 5.87709767e-01
 9.99845275e+01 3.79326814e-01 3.59770148e-01 5.96191685e-01
 1.00016750e+02 3.43789082e-01 3.83038391e-01 5.47448852e-01
 1.00009226e+02 3.74142719e-01 4.70855407e-01 2.44738590e-01
 9.99775096e+01 5.42743707e-01 5.89493781e-01 9.84350301e-03
 5.16833100e+02 3.00008023e+02 3.00007713e+02 2.99993576e+02
 2.99981694e+02]"
901,5.985989653649309,11.430276358250413,"[1.00005850e+02 1.92618605e-01 3.11471678e-01 9.66148505e-01
 1.00002673e+02 3.96968726e-01 3.98263488e-01 5.87538823e-01
 9.99845212e+01 3.79294789e-01 3.59675492e-01 5.95906223e-01
 1.00016761e+02 3.43775423e-01 3.83015549e-01 5.47332236e-01
 1.00009255e+02 3.74187706e-01 4.70880218e-01 2.44808740e-01
 9.99775197e+01 5.42628680e-01 5.89429184e-01 9.88192648e-03
 5.16833119e+02 3.00008030e+02 3.00007706e+02 2.99993587e+02
 2.99981685e+02]"
902,5.984509453560303,29.210577644179224,"[1.00005882e+02 1.92714909e-01 3.11568225e-01 9.66167707e-01
 1.00002719e+02 3.96868313e-01 3.98188283e-01 5.87638404e-01
 9.99847888e+01 3.79315037e-01 3.59626532e-01 5.95721693e-01
 1.00016478e+02 3.43950758e-01 3.82820092e-01 5.47126919e-01
 1.00009298e+02 3.74209756e-01 4.70909689e-01 2.44874894e-01
 9.99773453e+01 5.42586007e-01 5.89076382e-01 9.72887901e-03
 5.16832921e+02 3.00008296e+02 3.00007868e+02 2.99993570e+02
 2.99981573e+02]"
903,5.984045541742875,30.803113877762115,"[1.00005830e+02 1.92933583e-01 3.11587294e-01 9.65936746e-01
 1.00002624e+02 3.96933413e-01 3.98444226e-01 5.87668653e-01
 9.99849562e+01 3.79385554e-01 3.59547488e-01 5.95617273e-01
 1.00016398e+02 3.44194589e-01 3.82795284e-01 5.46906229e-01
 1.00009025e+02 3.73975663e-01 4.70728640e-01 2.45060467e-01
 9.99773188e+01 5.42570997e-01 5.89101455e-01 9.83451695e-03
 5.16832935e+02 3.00008124e+02 3.00008086e+02 2.99993350e+02
 2.99981548e+02]"
904,5.981132117483981,30.327881588006246,"[1.00005807e+02 1.92926558e-01 3.11389142e-01 9.66000335e-01
 1.00002329e+02 3.97108268e-01 3.98339760e-01 5.87694209e-01
 9.99848725e+01 3.79573172e-01 3.59645580e-01 5.95347447e-01
 1.00016441e+02 3.44247750e-01 3.82560141e-01 5.46879794e-01
 1.00008858e+02 3.74122254e-01 4.70331480e-01 2.45180896e-01
 9.99770586e+01 5.42532139e-01 5.89057250e-01 9.74968852e-03
 5.16832848e+02 3.00008040e+02 3.00008059e+02 2.99993300e+02
 2.99981635e+02]"
905,5.981132117483981,29.99136381330488,"[1.00005807e+02 1.92926558e-01 3.11389142e-01 9.66000335e-01
 1.00002329e+02 3.97108268e-01 3.98339760e-01 5.87694209e-01
 9.99848725e+01 3.79573172e-01 3.59645580e-01 5.95347447e-01
 1.00016441e+02 3.44247750e-01 3.82560141e-01 5.46879794e-01
 1.00008858e+02 3.74122254e-01 4.70331480e-01 2.45180896e-01
 9.99770586e+01 5.42532139e-01 5.89057250e-01 9.74968852e-03
 5.16832848e+02 3.00008040e+02 3.00008059e+02 2.99993300e+02
 2.99981635e+02]"
906,5.980581125865179,84.68498712513853,"[1.00005745e+02 1.92847719e-01 3.11465482e-01 9.65950165e-01
 1.00002346e+02 3.97223661e-01 3.98282301e-01 5.87809082e-01
 9.99847761e+01 3.79537015e-01 3.59526323e-01 5.95234311e-01
 1.00016381e+02 3.44130162e-01 3.82384579e-01 5.46812458e-01
 1.00008877e+02 3.74120064e-01 4.70351493e-01 2.45149486e-01
 9.99770306e+01 5.42527762e-01 5.88928424e-01 9.69073671e-03
 5.16832795e+02 3.00008063e+02 3.00008087e+02 2.99993233e+02
 2.99981606e+02]"
907,5.980581125865179,89.94554499079698,"[1.00005745e+02 1.92847719e-01 3.11465482e-01 9.65950165e-01
 1.00002346e+02 3.97223661e-01 3.98282301e-01 5.87809082e-01
 9.99847761e+01 3.79537015e-01 3.59526323e-01 5.95234311e-01
 1.00016381e+02 3.44130162e-01 3.82384579e-01 5.46812458e-01
 1.00008877e+02 3.74120064e-01 4.70351493e-01 2.45149486e-01
 9.99770306e+01 5.42527762e-01 5.88928424e-01 9.69073671e-03
 5.16832795e+02 3.00008063e+02 3.00008087e+02 2.99993233e+02
 2.99981606e+02]"
908,5.980581125865179,57.3156650251081,"[1.00005745e+02 1.92847719e-01 3.11465482e-01 9.65950165e-01
 1.00002346e+02 3.97223661e-01 3.98282301e-01 5.87809082e-01
 9.99847761e+01 3.79537015e-01 3.59526323e-01 5.95234311e-01
 1.00016381e+02 3.44130162e-01 3.82384579e-01 5.46812458e-01
 1.00008877e+02 3.74120064e-01 4.70351493e-01 2.45149486e-01
 9.99770306e+01 5.42527762e-01 5.88928424e-01 9.69073671e-03
 5.16832795e+02 3.00008063e+02 3.00008087e+02 2.99993233e+02
 2.99981606e+02]"
909,5.9805419988983965,75.34414072744877,"[1.00005745e+02 1.92848011e-01 3.11473127e-01 9.65950262e-01
 1.00002350e+02 3.97216281e-01 3.98284182e-01 5.87803658e-01
 9.99847702e+01 3.79545431e-01 3.59527034e-01 5.95234405e-01
 1.00016375e+02 3.44131773e-01 3.82379126e-01 5.46814517e-01
 1.00008872e+02 3.74110802e-01 4.70346006e-01 2.45146674e-01
 9.99770290e+01 5.42525039e-01 5.88927085e-01 9.68952898e-03
 5.16832795e+02 3.00008064e+02 3.00008089e+02 2.99993245e+02
 2.99981603e+02]"
910,5.980501334335014,38.22805200275882,"[1.00005745e+02 1.92846826e-01 3.11473315e-01 9.65956239e-01
 1.00002349e+02 3.97220490e-01 3.98282254e-01 5.87795887e-01
 9.99847746e+01 3.79534677e-01 3.59522735e-01 5.95229084e-01
 1.00016375e+02 3.44136766e-01 3.82383810e-01 5.46813727e-01
 1.00008870e+02 3.74108003e-01 4.70340133e-01 2.45142008e-01
 9.99770240e+01 5.42527594e-01 5.88924331e-01 9.68729735e-03
 5.16832801e+02 3.00008066e+02 3.00008100e+02 2.99993250e+02
 2.99981607e+02]"
911,5.980200137807072,12.0369999752744,"[1.00005745e+02 1.92854193e-01 3.11472806e-01 9.65955805e-01
 1.00002350e+02 3.97210586e-01 3.98274026e-01 5.87783816e-01
 9.99847744e+01 3.79535633e-01 3.59520552e-01 5.95216856e-01
 1.00016374e+02 3.44137651e-01 3.82383653e-01 5.46806650e-01
 1.00008870e+02 3.74112673e-01 4.70341887e-01 2.45146080e-01
 9.99770244e+01 5.42521836e-01 5.88920667e-01 9.68947490e-03
 5.16832801e+02 3.00008067e+02 3.00008101e+02 2.99993251e+02
 2.99981607e+02]"
912,5.979638179706142,11.325373158237644,"[1.00005745e+02 1.92867153e-01 3.11470215e-01 9.65954657e-01
 1.00002352e+02 3.97192764e-01 3.98258581e-01 5.87759712e-01
 9.99847731e+01 3.79537346e-01 3.59514753e-01 5.95189841e-01
 1.00016374e+02 3.44140887e-01 3.82383831e-01 5.46792813e-01
 1.00008869e+02 3.74123520e-01 4.70344901e-01 2.45153163e-01
 9.99770247e+01 5.42510432e-01 5.88913635e-01 9.69455830e-03
 5.16832801e+02 3.00008067e+02 3.00008100e+02 2.99993252e+02
 2.99981607e+02]"
913,5.978616895972145,10.549640986659321,"[1.00005743e+02 1.92879622e-01 3.11455540e-01 9.65944687e-01
 1.00002359e+02 3.97163088e-01 3.98235028e-01 5.87710049e-01
 9.99847691e+01 3.79539312e-01 3.59501308e-01 5.95130194e-01
 1.00016372e+02 3.44148903e-01 3.82386738e-01 5.46768368e-01
 1.00008869e+02 3.74142708e-01 4.70349635e-01 2.45171821e-01
 9.99770314e+01 5.42486435e-01 5.88899757e-01 9.70997764e-03
 5.16832802e+02 3.00008072e+02 3.00008102e+02 2.99993254e+02
 2.99981611e+02]"
914,5.9768433917638175,10.367341150255735,"[1.00005745e+02 1.92902251e-01 3.11429070e-01 9.65947135e-01
 1.00002335e+02 3.97137936e-01 3.98188840e-01 5.87618373e-01
 9.99847401e+01 3.79522215e-01 3.59482104e-01 5.95004409e-01
 1.00016346e+02 3.44170968e-01 3.82377963e-01 5.46713537e-01
 1.00008880e+02 3.74178214e-01 4.70342363e-01 2.45225261e-01
 9.99770385e+01 5.42438995e-01 5.88876116e-01 9.73259327e-03
 5.16832789e+02 3.00008091e+02 3.00008097e+02 2.99993250e+02
 2.99981611e+02]"
915,5.9746650643821475,13.744328066194582,"[1.00005760e+02 1.92925044e-01 3.11400819e-01 9.65963779e-01
 1.00002404e+02 3.97176265e-01 3.98143617e-01 5.87447467e-01
 9.99848359e+01 3.79589826e-01 3.59439168e-01 5.94803060e-01
 1.00016308e+02 3.44242428e-01 3.82244760e-01 5.46623684e-01
 1.00008862e+02 3.74264003e-01 4.70285882e-01 2.45235705e-01
 9.99770904e+01 5.42404167e-01 5.88891919e-01 9.63182703e-03
 5.16832873e+02 3.00008035e+02 3.00008175e+02 2.99993228e+02
 2.99981577e+02]"
916,5.9692723803142735,10.165148115915825,"[1.00005686e+02 1.92876365e-01 3.11100831e-01 9.65778629e-01
 1.00002324e+02 3.97073581e-01 3.98160267e-01 5.87134481e-01
 9.99850123e+01 3.79507400e-01 3.59283143e-01 5.94531681e-01
 1.00016316e+02 3.44282734e-01 3.82411037e-01 5.46288385e-01
 1.00008865e+02 3.74344776e-01 4.70385802e-01 2.45365399e-01
 9.99772813e+01 5.42264859e-01 5.88753678e-01 9.64104845e-03
 5.16832934e+02 3.00007905e+02 3.00008333e+02 2.99993190e+02
 2.99981635e+02]"
917,5.967096637973713,28.6395691461912,"[1.00005301e+02 1.93005192e-01 3.10953005e-01 9.65197728e-01
 1.00001879e+02 3.97401750e-01 3.97470831e-01 5.86904192e-01
 9.99851513e+01 3.79719554e-01 3.59519357e-01 5.94452254e-01
 1.00016629e+02 3.44268290e-01 3.82610988e-01 5.46181138e-01
 1.00008592e+02 3.74823825e-01 4.69964649e-01 2.45341223e-01
 9.99775551e+01 5.42176269e-01 5.88399163e-01 9.37857453e-03
 5.16832450e+02 3.00008179e+02 3.00008401e+02 2.99993069e+02
 2.99981757e+02]"
918,5.966320965861069,37.451452558664364,"[1.00005599e+02 1.93426533e-01 3.10758030e-01 9.65409003e-01
 1.00001298e+02 3.97894496e-01 3.97258491e-01 5.86660536e-01
 9.99853898e+01 3.79850136e-01 3.59281171e-01 5.94003365e-01
 1.00017261e+02 3.44015334e-01 3.82735601e-01 5.46322207e-01
 1.00008569e+02 3.74602787e-01 4.69664368e-01 2.45483094e-01
 9.99778717e+01 5.42415797e-01 5.88305588e-01 9.57391727e-03
 5.16832349e+02 3.00008335e+02 3.00008444e+02 2.99992714e+02
 2.99982344e+02]"
919,5.962711661981094,36.67846599944413,"[1.00005627e+02 1.93718068e-01 3.09856324e-01 9.65396217e-01
 1.00001055e+02 3.98107709e-01 3.96826696e-01 5.86793294e-01
 9.99853552e+01 3.80213247e-01 3.59531446e-01 5.94055589e-01
 1.00017739e+02 3.44113075e-01 3.82690726e-01 5.46116143e-01
 1.00008748e+02 3.74455094e-01 4.69590040e-01 2.45197489e-01
 9.99780908e+01 5.41664089e-01 5.88211513e-01 9.81505794e-03
 5.16832190e+02 3.00008206e+02 3.00008547e+02 2.99993132e+02
 2.99982357e+02]"
920,5.956034008216347,34.77009135433585,"[1.00005939e+02 1.93693386e-01 3.09284983e-01 9.65207544e-01
 1.00001244e+02 3.98062406e-01 3.96674931e-01 5.86593008e-01
 9.99857128e+01 3.79852075e-01 3.59655729e-01 5.93824852e-01
 1.00018279e+02 3.44071353e-01 3.83257976e-01 5.45391863e-01
 1.00008953e+02 3.74332023e-01 4.69639343e-01 2.45134411e-01
 9.99779832e+01 5.41757833e-01 5.88595910e-01 9.45573697e-03
 5.16831958e+02 3.00007721e+02 3.00008672e+02 2.99992985e+02
 2.99982207e+02]"
921,5.956034008216347,10.205086293636423,"[1.00005939e+02 1.93693386e-01 3.09284983e-01 9.65207544e-01
 1.00001244e+02 3.98062406e-01 3.96674931e-01 5.86593008e-01
 9.99857128e+01 3.79852075e-01 3.59655729e-01 5.93824852e-01
 1.00018279e+02 3.44071353e-01 3.83257976e-01 5.45391863e-01
 1.00008953e+02 3.74332023e-01 4.69639343e-01 2.45134411e-01
 9.99779832e+01 5.41757833e-01 5.88595910e-01 9.45573697e-03
 5.16831958e+02 3.00007721e+02 3.00008672e+02 2.99992985e+02
 2.99982207e+02]"
922,5.950337537053097,10.204948586665427,"[1.00005889e+02 1.93562926e-01 3.09213272e-01 9.65204133e-01
 1.00001239e+02 3.97961379e-01 3.96527311e-01 5.86274968e-01
 9.99858660e+01 3.79803391e-01 3.59681581e-01 5.93337578e-01
 1.00018302e+02 3.43991966e-01 3.83258919e-01 5.45507898e-01
 1.00008992e+02 3.74520635e-01 4.69688476e-01 2.45332649e-01
 9.99779797e+01 5.41554182e-01 5.88516410e-01 9.63319134e-03
 5.16831852e+02 3.00007808e+02 3.00008711e+02 2.99992734e+02
 2.99982228e+02]"
923,5.945966270254973,28.55322450907471,"[1.00005635e+02 1.93443499e-01 3.08294563e-01 9.65243351e-01
 1.00001191e+02 3.97542494e-01 3.96052762e-01 5.86044169e-01
 9.99857533e+01 3.79506031e-01 3.59489064e-01 5.93097459e-01
 1.00018135e+02 3.43686458e-01 3.83668353e-01 5.45520183e-01
 1.00009068e+02 3.74519887e-01 4.69760641e-01 2.45482064e-01
 9.99781341e+01 5.41157198e-01 5.88251998e-01 9.19174940e-03
 5.16832149e+02 3.00007785e+02 3.00008259e+02 2.99992597e+02
 2.99981946e+02]"
924,5.945966270254973,123.49901247448202,"[1.00005635e+02 1.93443499e-01 3.08294563e-01 9.65243351e-01
 1.00001191e+02 3.97542494e-01 3.96052762e-01 5.86044169e-01
 9.99857533e+01 3.79506031e-01 3.59489064e-01 5.93097459e-01
 1.00018135e+02 3.43686458e-01 3.83668353e-01 5.45520183e-01
 1.00009068e+02 3.74519887e-01 4.69760641e-01 2.45482064e-01
 9.99781341e+01 5.41157198e-01 5.88251998e-01 9.19174940e-03
 5.16832149e+02 3.00007785e+02 3.00008259e+02 2.99992597e+02
 2.99981946e+02]"
925,5.945693126002643,96.35702917537596,"[1.00005627e+02 1.93526284e-01 3.08279155e-01 9.65224482e-01
 1.00001279e+02 3.97609061e-01 3.96060374e-01 5.86147513e-01
 9.99857720e+01 3.79489964e-01 3.59580430e-01 5.92938655e-01
 1.00018037e+02 3.43537519e-01 3.83689167e-01 5.45512461e-01
 1.00009153e+02 3.74559231e-01 4.69737547e-01 2.45305769e-01
 9.99781704e+01 5.41137066e-01 5.88259644e-01 9.30524269e-03
 5.16832149e+02 3.00007756e+02 3.00008195e+02 2.99992638e+02
 2.99981833e+02]"
926,5.9432795922546555,12.208336702104015,"[1.00005512e+02 1.93651579e-01 3.08225768e-01 9.65186092e-01
 1.00001327e+02 3.97554020e-01 3.96039059e-01 5.86102402e-01
 9.99858085e+01 3.79442952e-01 3.59572495e-01 5.92769057e-01
 1.00017948e+02 3.43574398e-01 3.83739514e-01 5.45493070e-01
 1.00009093e+02 3.74470481e-01 4.69642928e-01 2.45380762e-01
 9.99782572e+01 5.41190495e-01 5.88278437e-01 9.49564759e-03
 5.16832145e+02 3.00007688e+02 3.00008277e+02 2.99992644e+02
 2.99981868e+02]"
927,5.93958804912467,14.829383746353422,"[1.00005513e+02 1.93815526e-01 3.07907389e-01 9.65287809e-01
 1.00001062e+02 3.97591412e-01 3.95959795e-01 5.85936049e-01
 9.99859485e+01 3.79532989e-01 3.59545896e-01 5.92549004e-01
 1.00017832e+02 3.43577843e-01 3.83947316e-01 5.45288033e-01
 1.00009145e+02 3.74442618e-01 4.69475607e-01 2.45380223e-01
 9.99783533e+01 5.40885916e-01 5.88146414e-01 9.42610153e-03
 5.16832047e+02 3.00007766e+02 3.00008316e+02 2.99992769e+02
 2.99982144e+02]"
928,5.935117517525216,28.389497643308637,"[1.00005282e+02 1.93639424e-01 3.07448164e-01 9.65520656e-01
 1.00000861e+02 3.97231778e-01 3.95927661e-01 5.85620231e-01
 9.99861463e+01 3.79734366e-01 3.59372871e-01 5.92122163e-01
 1.00018153e+02 3.43605198e-01 3.84087566e-01 5.44663785e-01
 1.00009830e+02 3.74136745e-01 4.69402287e-01 2.45422376e-01
 9.99784027e+01 5.41590298e-01 5.88075712e-01 9.20374384e-03
 5.16831969e+02 3.00007597e+02 3.00008493e+02 2.99992968e+02
 2.99981853e+02]"
929,5.935117517525216,100.61404408410374,"[1.00005282e+02 1.93639424e-01 3.07448164e-01 9.65520656e-01
 1.00000861e+02 3.97231778e-01 3.95927661e-01 5.85620231e-01
 9.99861463e+01 3.79734366e-01 3.59372871e-01 5.92122163e-01
 1.00018153e+02 3.43605198e-01 3.84087566e-01 5.44663785e-01
 1.00009830e+02 3.74136745e-01 4.69402287e-01 2.45422376e-01
 9.99784027e+01 5.41590298e-01 5.88075712e-01 9.20374384e-03
 5.16831969e+02 3.00007597e+02 3.00008493e+02 2.99992968e+02
 2.99981853e+02]"
930,5.935117517525216,108.4598889190721,"[1.00005282e+02 1.93639424e-01 3.07448164e-01 9.65520656e-01
 1.00000861e+02 3.97231778e-01 3.95927661e-01 5.85620231e-01
 9.99861463e+01 3.79734366e-01 3.59372871e-01 5.92122163e-01
 1.00018153e+02 3.43605198e-01 3.84087566e-01 5.44663785e-01
 1.00009830e+02 3.74136745e-01 4.69402287e-01 2.45422376e-01
 9.99784027e+01 5.41590298e-01 5.88075712e-01 9.20374384e-03
 5.16831969e+02 3.00007597e+02 3.00008493e+02 2.99992968e+02
 2.99981853e+02]"
931,5.9345760289228275,18.21371522436512,"[1.00005277e+02 1.93619717e-01 3.07411077e-01 9.65546571e-01
 1.00000864e+02 3.97216307e-01 3.95923505e-01 5.85594894e-01
 9.99861396e+01 3.79718616e-01 3.59355951e-01 5.92092579e-01
 1.00018118e+02 3.43595050e-01 3.84081129e-01 5.44654085e-01
 1.00009854e+02 3.74157930e-01 4.69405196e-01 2.45432599e-01
 9.99784088e+01 5.41561235e-01 5.88060899e-01 9.18808447e-03
 5.16831995e+02 3.00007617e+02 3.00008483e+02 2.99992983e+02
 2.99981832e+02]"
932,5.9334419467449875,15.064820894616947,"[1.00005263e+02 1.93630881e-01 3.07387145e-01 9.65572054e-01
 1.00000863e+02 3.97214263e-01 3.95896054e-01 5.85566457e-01
 9.99861881e+01 3.79716240e-01 3.59343700e-01 5.91985044e-01
 1.00018119e+02 3.43584594e-01 3.84112430e-01 5.44656653e-01
 1.00009849e+02 3.74135576e-01 4.69388744e-01 2.45551046e-01
 9.99784610e+01 5.41527203e-01 5.88054450e-01 9.21049789e-03
 5.16832033e+02 3.00007639e+02 3.00008460e+02 2.99992938e+02
 2.99981803e+02]"
933,5.931802434220863,13.622189779588739,"[1.00005204e+02 1.93691278e-01 3.07271419e-01 9.65588179e-01
 1.00000952e+02 3.97131212e-01 3.95915175e-01 5.85458326e-01
 9.99861774e+01 3.79639157e-01 3.59378597e-01 5.91795722e-01
 1.00017957e+02 3.43569463e-01 3.84151624e-01 5.44626848e-01
 1.00009874e+02 3.74099101e-01 4.69293639e-01 2.45640615e-01
 9.99785075e+01 5.41510848e-01 5.88072434e-01 9.25359662e-03
 5.16832006e+02 3.00007657e+02 3.00008612e+02 2.99992928e+02
 2.99981864e+02]"
934,5.930152827511834,23.633510818684517,"[1.00005022e+02 1.93516196e-01 3.07218341e-01 9.65735269e-01
 1.00000982e+02 3.97016880e-01 3.95717016e-01 5.85240897e-01
 9.99861416e+01 3.79656287e-01 3.59474144e-01 5.91559934e-01
 1.00017866e+02 3.43424937e-01 3.84249169e-01 5.44780682e-01
 1.00010200e+02 3.74328704e-01 4.69284995e-01 2.45920146e-01
 9.99783491e+01 5.41322966e-01 5.88128633e-01 9.25145516e-03
 5.16831843e+02 3.00007698e+02 3.00008664e+02 2.99992784e+02
 2.99981982e+02]"
935,5.928492033816433,59.30495105096762,"[1.00004940e+02 1.93463464e-01 3.07089718e-01 9.65901982e-01
 1.00001157e+02 3.97095920e-01 3.95770499e-01 5.85297255e-01
 9.99861562e+01 3.79853984e-01 3.59221362e-01 5.91661683e-01
 1.00017947e+02 3.43488016e-01 3.84228311e-01 5.44757253e-01
 1.00010313e+02 3.74342729e-01 4.69143780e-01 2.45931000e-01
 9.99785710e+01 5.41151061e-01 5.87712746e-01 9.48684203e-03
 5.16831675e+02 3.00007915e+02 3.00008849e+02 2.99992721e+02
 2.99981887e+02]"
936,5.9211381479534975,11.151775186954731,"[1.00004846e+02 1.93598774e-01 3.07050888e-01 9.65868861e-01
 1.00001146e+02 3.97267714e-01 3.95820807e-01 5.84964376e-01
 9.99861627e+01 3.79958337e-01 3.59108907e-01 5.91156609e-01
 1.00017897e+02 3.43551219e-01 3.84246883e-01 5.44469401e-01
 1.00010290e+02 3.74240743e-01 4.69023518e-01 2.46004522e-01
 9.99786052e+01 5.41011334e-01 5.87487197e-01 9.65816287e-03
 5.16831741e+02 3.00007879e+02 3.00008808e+02 2.99992664e+02
 2.99981860e+02]"
937,5.919347807978255,26.524968279046277,"[1.00004337e+02 1.93626023e-01 3.06905002e-01 9.65765022e-01
 1.00001053e+02 3.97227304e-01 3.95708239e-01 5.85000084e-01
 9.99859969e+01 3.80121305e-01 3.59302555e-01 5.91132678e-01
 1.00017160e+02 3.43549741e-01 3.84494804e-01 5.44341864e-01
 1.00010261e+02 3.74115014e-01 4.68463430e-01 2.46309184e-01
 9.99785013e+01 5.40601562e-01 5.86862230e-01 9.97718976e-03
 5.16831677e+02 3.00007618e+02 3.00008095e+02 2.99992732e+02
 2.99981693e+02]"
938,5.919347807978255,204.67835617846555,"[1.00004337e+02 1.93626023e-01 3.06905002e-01 9.65765022e-01
 1.00001053e+02 3.97227304e-01 3.95708239e-01 5.85000084e-01
 9.99859969e+01 3.80121305e-01 3.59302555e-01 5.91132678e-01
 1.00017160e+02 3.43549741e-01 3.84494804e-01 5.44341864e-01
 1.00010261e+02 3.74115014e-01 4.68463430e-01 2.46309184e-01
 9.99785013e+01 5.40601562e-01 5.86862230e-01 9.97718976e-03
 5.16831677e+02 3.00007618e+02 3.00008095e+02 2.99992732e+02
 2.99981693e+02]"
939,5.917448026058932,49.58438100046852,"[1.00004359e+02 1.93688802e-01 3.06987879e-01 9.65740128e-01
 1.00001045e+02 3.97261053e-01 3.95700655e-01 5.85007484e-01
 9.99859180e+01 3.79960464e-01 3.59204684e-01 5.90953819e-01
 1.00017207e+02 3.43514054e-01 3.84488600e-01 5.44397730e-01
 1.00010211e+02 3.74113020e-01 4.68444542e-01 2.46407113e-01
 9.99785449e+01 5.40579666e-01 5.86701268e-01 9.87290875e-03
 5.16831604e+02 3.00007625e+02 3.00008029e+02 2.99992854e+02
 2.99981659e+02]"
940,5.917326708303246,53.36422558366174,"[1.00004377e+02 1.93836385e-01 3.06901549e-01 9.65783174e-01
 1.00000986e+02 3.97231207e-01 3.95700995e-01 5.84980586e-01
 9.99859043e+01 3.79950728e-01 3.59210344e-01 5.90863036e-01
 1.00017142e+02 3.43482323e-01 3.84351346e-01 5.44504604e-01
 1.00010279e+02 3.74023641e-01 4.68508691e-01 2.46398216e-01
 9.99784367e+01 5.40531020e-01 5.86676416e-01 9.94215122e-03
 5.16831598e+02 3.00007758e+02 3.00007905e+02 2.99992717e+02
 2.99981612e+02]"
941,5.913202224200452,14.815955924953224,"[1.00004375e+02 1.93697654e-01 3.06803794e-01 9.65779269e-01
 1.00000975e+02 3.97308610e-01 3.95668981e-01 5.84847579e-01
 9.99858875e+01 3.80020855e-01 3.59173192e-01 5.90608367e-01
 1.00017184e+02 3.43448703e-01 3.84260780e-01 5.44388991e-01
 1.00010306e+02 3.74023680e-01 4.68521091e-01 2.46453164e-01
 9.99784347e+01 5.40440402e-01 5.86612146e-01 9.99483193e-03
 5.16831600e+02 3.00007800e+02 3.00007893e+02 2.99992696e+02
 2.99981600e+02]"
942,5.910934659764057,18.885482594152904,"[1.00004346e+02 1.93562789e-01 3.06781444e-01 9.65872615e-01
 1.00000989e+02 3.97308987e-01 3.95441580e-01 5.84801561e-01
 9.99861422e+01 3.79911798e-01 3.59229222e-01 5.90395409e-01
 1.00017077e+02 3.43300722e-01 3.84252120e-01 5.44367617e-01
 1.00010570e+02 3.73889196e-01 4.68599388e-01 2.46848437e-01
 9.99785079e+01 5.40326849e-01 5.86643300e-01 1.02174323e-02
 5.16831550e+02 3.00007723e+02 3.00007681e+02 2.99992808e+02
 2.99981359e+02]"
943,5.909205482979832,69.02911822750755,"[1.00004183e+02 1.93492501e-01 3.06709129e-01 9.66007506e-01
 1.00000714e+02 3.97386919e-01 3.95428320e-01 5.84390407e-01
 9.99861999e+01 3.79970724e-01 3.58446410e-01 5.90226320e-01
 1.00016898e+02 3.43304143e-01 3.84147381e-01 5.44501198e-01
 1.00010453e+02 3.73712145e-01 4.68344460e-01 2.46569472e-01
 9.99782746e+01 5.39985669e-01 5.86552485e-01 1.02489082e-02
 5.16831711e+02 3.00006902e+02 3.00006902e+02 2.99992841e+02
 2.99981144e+02]"
944,5.909205482979832,131.4045078984945,"[1.00004183e+02 1.93492501e-01 3.06709129e-01 9.66007506e-01
 1.00000714e+02 3.97386919e-01 3.95428320e-01 5.84390407e-01
 9.99861999e+01 3.79970724e-01 3.58446410e-01 5.90226320e-01
 1.00016898e+02 3.43304143e-01 3.84147381e-01 5.44501198e-01
 1.00010453e+02 3.73712145e-01 4.68344460e-01 2.46569472e-01
 9.99782746e+01 5.39985669e-01 5.86552485e-01 1.02489082e-02
 5.16831711e+02 3.00006902e+02 3.00006902e+02 2.99992841e+02
 2.99981144e+02]"
945,5.908301568164798,244.83121064216763,"[1.00004177e+02 1.93489112e-01 3.06654485e-01 9.66156332e-01
 1.00000829e+02 3.97264000e-01 3.95417358e-01 5.84409861e-01
 9.99861634e+01 3.80021587e-01 3.58574886e-01 5.90113357e-01
 1.00016980e+02 3.43372520e-01 3.84213293e-01 5.44599146e-01
 1.00010414e+02 3.73745648e-01 4.68406624e-01 2.46597304e-01
 9.99782494e+01 5.40046777e-01 5.86464716e-01 1.03313582e-02
 5.16831836e+02 3.00006824e+02 3.00006819e+02 2.99992871e+02
 2.99981197e+02]"
946,5.904479532069525,14.413481426811007,"[1.00004153e+02 1.93535358e-01 3.06571453e-01 9.66094353e-01
 1.00000875e+02 3.97226391e-01 3.95324102e-01 5.84260913e-01
 9.99861499e+01 3.80178780e-01 3.58618599e-01 5.89932313e-01
 1.00016951e+02 3.43307127e-01 3.84153812e-01 5.44547858e-01
 1.00010448e+02 3.73796738e-01 4.68390645e-01 2.46690134e-01
 9.99783104e+01 5.39897536e-01 5.86466598e-01 1.03886585e-02
 5.16831848e+02 3.00006872e+02 3.00006817e+02 2.99992941e+02
 2.99981251e+02]"
947,5.9004390576774535,13.525734920794534,"[1.00004139e+02 1.93603903e-01 3.06463474e-01 9.65805561e-01
 1.00000860e+02 3.97337710e-01 3.95131743e-01 5.84057591e-01
 9.99863985e+01 3.80316113e-01 3.58771024e-01 5.89567322e-01
 1.00017220e+02 3.43332196e-01 3.84179664e-01 5.44458839e-01
 1.00010605e+02 3.73846774e-01 4.68311784e-01 2.46767730e-01
 9.99782813e+01 5.39774995e-01 5.86511915e-01 1.04391420e-02
 5.16831732e+02 3.00006818e+02 3.00006784e+02 2.99993185e+02
 2.99981445e+02]"
948,5.9004390576774535,42.823282715860316,"[1.00004139e+02 1.93603903e-01 3.06463474e-01 9.65805561e-01
 1.00000860e+02 3.97337710e-01 3.95131743e-01 5.84057591e-01
 9.99863985e+01 3.80316113e-01 3.58771024e-01 5.89567322e-01
 1.00017220e+02 3.43332196e-01 3.84179664e-01 5.44458839e-01
 1.00010605e+02 3.73846774e-01 4.68311784e-01 2.46767730e-01
 9.99782813e+01 5.39774995e-01 5.86511915e-01 1.04391420e-02
 5.16831732e+02 3.00006818e+02 3.00006784e+02 2.99993185e+02
 2.99981445e+02]"
949,5.8997683049565595,74.8984274225578,"[1.00004123e+02 1.93669182e-01 3.06396023e-01 9.65782355e-01
 1.00000936e+02 3.97346554e-01 3.95116816e-01 5.84121294e-01
 9.99863552e+01 3.80199044e-01 3.58743719e-01 5.89476595e-01
 1.00017250e+02 3.43175745e-01 3.84137402e-01 5.44346842e-01
 1.00010571e+02 3.74018282e-01 4.68239597e-01 2.46659760e-01
 9.99782831e+01 5.39814841e-01 5.86529391e-01 1.05464920e-02
 5.16831777e+02 3.00006886e+02 3.00006663e+02 2.99993179e+02
 2.99981513e+02]"
950,5.8997683049565595,106.72128758963967,"[1.00004123e+02 1.93669182e-01 3.06396023e-01 9.65782355e-01
 1.00000936e+02 3.97346554e-01 3.95116816e-01 5.84121294e-01
 9.99863552e+01 3.80199044e-01 3.58743719e-01 5.89476595e-01
 1.00017250e+02 3.43175745e-01 3.84137402e-01 5.44346842e-01
 1.00010571e+02 3.74018282e-01 4.68239597e-01 2.46659760e-01
 9.99782831e+01 5.39814841e-01 5.86529391e-01 1.05464920e-02
 5.16831777e+02 3.00006886e+02 3.00006663e+02 2.99993179e+02
 2.99981513e+02]"
951,5.899302280462011,27.27439677972532,"[1.00004126e+02 1.93610347e-01 3.06396667e-01 9.65784055e-01
 1.00000955e+02 3.97348359e-01 3.95130154e-01 5.84117535e-01
 9.99863154e+01 3.80221300e-01 3.58750177e-01 5.89447626e-01
 1.00017250e+02 3.43203082e-01 3.84131545e-01 5.44326312e-01
 1.00010590e+02 3.74032601e-01 4.68210071e-01 2.46670172e-01
 9.99782922e+01 5.39813138e-01 5.86524671e-01 1.05465523e-02
 5.16831778e+02 3.00006882e+02 3.00006673e+02 2.99993203e+02
 2.99981525e+02]"
952,5.898515911960114,18.54508151537787,"[1.00004136e+02 1.93598753e-01 3.06324689e-01 9.65747938e-01
 1.00001021e+02 3.97321749e-01 3.95089568e-01 5.84063528e-01
 9.99863017e+01 3.80250898e-01 3.58775613e-01 5.89369756e-01
 1.00017277e+02 3.43244718e-01 3.84154783e-01 5.44369692e-01
 1.00010550e+02 3.74073192e-01 4.68249726e-01 2.46663058e-01
 9.99782901e+01 5.39786291e-01 5.86504779e-01 1.05365831e-02
 5.16831839e+02 3.00006918e+02 3.00006715e+02 2.99993216e+02
 2.99981551e+02]"
953,5.896872972884318,19.76413652059949,"[1.00004144e+02 1.93570861e-01 3.06315535e-01 9.65638141e-01
 1.00000985e+02 3.97421065e-01 3.95055438e-01 5.83936783e-01
 9.99863001e+01 3.80364199e-01 3.58548215e-01 5.89297325e-01
 1.00017302e+02 3.43278503e-01 3.84189374e-01 5.44277042e-01
 1.00010523e+02 3.74119731e-01 4.68222744e-01 2.46583290e-01
 9.99783068e+01 5.39634522e-01 5.86472307e-01 1.04468174e-02
 5.16831813e+02 3.00006972e+02 3.00006734e+02 2.99993222e+02
 2.99981596e+02]"
954,5.895793062922537,28.857766615425444,"[1.00004177e+02 1.93400805e-01 3.06303093e-01 9.65977519e-01
 1.00001005e+02 3.97376581e-01 3.95016304e-01 5.83831947e-01
 9.99865171e+01 3.80430247e-01 3.58561548e-01 5.89031694e-01
 1.00017419e+02 3.43168768e-01 3.84006330e-01 5.44220715e-01
 1.00010663e+02 3.74125704e-01 4.68530646e-01 2.46490941e-01
 9.99782667e+01 5.39449812e-01 5.86692790e-01 1.06748175e-02
 5.16831892e+02 3.00006853e+02 3.00006944e+02 2.99993160e+02
 2.99981705e+02]"
955,5.893838253419423,62.95128639017533,"[1.00004157e+02 1.93411173e-01 3.06462981e-01 9.65909666e-01
 1.00001195e+02 3.97446764e-01 3.94690527e-01 5.83885371e-01
 9.99864026e+01 3.80401140e-01 3.58534353e-01 5.88729813e-01
 1.00017155e+02 3.43207323e-01 3.84217884e-01 5.44546606e-01
 1.00010769e+02 3.74104603e-01 4.68465813e-01 2.46352622e-01
 9.99783033e+01 5.39369133e-01 5.86821125e-01 1.08218530e-02
 5.16831642e+02 3.00006701e+02 3.00006956e+02 2.99993070e+02
 2.99981722e+02]"
956,5.890749055367435,9.374183476040566,"[1.00004188e+02 1.93214106e-01 3.06513175e-01 9.65829068e-01
 1.00001192e+02 3.97413022e-01 3.94507831e-01 5.83830321e-01
 9.99863335e+01 3.80268707e-01 3.58634324e-01 5.88478127e-01
 1.00017240e+02 3.43105261e-01 3.83931985e-01 5.44264610e-01
 1.00010795e+02 3.73877873e-01 4.68268942e-01 2.46265331e-01
 9.99782788e+01 5.39388105e-01 5.86553125e-01 1.09919076e-02
 5.16831628e+02 3.00006818e+02 3.00006824e+02 2.99992778e+02
 2.99981802e+02]"
957,5.890749055367435,36.101644692287785,"[1.00004188e+02 1.93214106e-01 3.06513175e-01 9.65829068e-01
 1.00001192e+02 3.97413022e-01 3.94507831e-01 5.83830321e-01
 9.99863335e+01 3.80268707e-01 3.58634324e-01 5.88478127e-01
 1.00017240e+02 3.43105261e-01 3.83931985e-01 5.44264610e-01
 1.00010795e+02 3.73877873e-01 4.68268942e-01 2.46265331e-01
 9.99782788e+01 5.39388105e-01 5.86553125e-01 1.09919076e-02
 5.16831628e+02 3.00006818e+02 3.00006824e+02 2.99992778e+02
 2.99981802e+02]"
958,5.890352207361265,46.395251532749185,"[1.00004142e+02 1.93269451e-01 3.06514274e-01 9.65853906e-01
 1.00001220e+02 3.97504213e-01 3.94574580e-01 5.83701165e-01
 9.99863783e+01 3.80192086e-01 3.58615161e-01 5.88376941e-01
 1.00017351e+02 3.43211126e-01 3.83774449e-01 5.44332851e-01
 1.00010895e+02 3.73935182e-01 4.68229118e-01 2.46198491e-01
 9.99783389e+01 5.39417097e-01 5.86535807e-01 1.10955937e-02
 5.16831640e+02 3.00006927e+02 3.00006770e+02 2.99992739e+02
 2.99981691e+02]"
959,5.8899926772138445,35.23497487486235,"[1.00004100e+02 1.93172635e-01 3.06512861e-01 9.65878109e-01
 1.00001245e+02 3.97438583e-01 3.94488526e-01 5.83750127e-01
 9.99864847e+01 3.80219637e-01 3.58527579e-01 5.88253760e-01
 1.00017417e+02 3.43247501e-01 3.83734596e-01 5.44372103e-01
 1.00010745e+02 3.73808228e-01 4.68145894e-01 2.46279088e-01
 9.99783705e+01 5.39402422e-01 5.86628060e-01 1.12581657e-02
 5.16831717e+02 3.00006959e+02 3.00006794e+02 2.99992695e+02
 2.99981747e+02]"
960,5.8890778610541235,42.323984270519475,"[1.00004057e+02 1.93187224e-01 3.06482494e-01 9.65777188e-01
 1.00001262e+02 3.97363236e-01 3.94414181e-01 5.83616757e-01
 9.99865487e+01 3.80319705e-01 3.58622795e-01 5.88225763e-01
 1.00017424e+02 3.43367515e-01 3.83719738e-01 5.44315901e-01
 1.00010800e+02 3.73779561e-01 4.68084844e-01 2.46164740e-01
 9.99782069e+01 5.39442823e-01 5.86747942e-01 1.12222635e-02
 5.16831750e+02 3.00006912e+02 3.00006676e+02 2.99992625e+02
 2.99981758e+02]"
961,5.884906904169569,12.575890113660726,"[1.00004050e+02 1.93175286e-01 3.06410371e-01 9.65759735e-01
 1.00001277e+02 3.97363585e-01 3.94366945e-01 5.83464276e-01
 9.99865332e+01 3.80376068e-01 3.58591770e-01 5.87999114e-01
 1.00017427e+02 3.43294622e-01 3.83659580e-01 5.44113048e-01
 1.00010795e+02 3.73863922e-01 4.68131529e-01 2.46230325e-01
 9.99782031e+01 5.39352846e-01 5.86680116e-01 1.13040428e-02
 5.16831751e+02 3.00006916e+02 3.00006668e+02 2.99992600e+02
 2.99981761e+02]"
962,5.88355255492775,20.74794403861726,"[1.00004140e+02 1.93072009e-01 3.06571672e-01 9.65984676e-01
 1.00001485e+02 3.97307968e-01 3.94049772e-01 5.83533529e-01
 9.99866198e+01 3.80431565e-01 3.58653881e-01 5.87673609e-01
 1.00017306e+02 3.43348795e-01 3.83682829e-01 5.44025318e-01
 1.00010777e+02 3.74152095e-01 4.68050521e-01 2.45932075e-01
 9.99780831e+01 5.39304143e-01 5.86707698e-01 1.12297329e-02
 5.16831609e+02 3.00007152e+02 3.00006602e+02 2.99992506e+02
 2.99981741e+02]"
963,5.883267253964736,24.316217135863166,"[1.00004085e+02 1.92882298e-01 3.06751351e-01 9.65967616e-01
 1.00001632e+02 3.97340540e-01 3.93950128e-01 5.83347631e-01
 9.99864765e+01 3.80575239e-01 3.58753647e-01 5.87690898e-01
 1.00017362e+02 3.43200066e-01 3.83633549e-01 5.43821168e-01
 1.00010859e+02 3.74014888e-01 4.67812935e-01 2.45910715e-01
 9.99782394e+01 5.39274968e-01 5.86415863e-01 1.13570502e-02
 5.16831459e+02 3.00007476e+02 3.00006511e+02 2.99992239e+02
 2.99981829e+02]"
964,5.882955577987616,90.92272766845085,"[1.00004045e+02 1.92759760e-01 3.06825476e-01 9.65737783e-01
 1.00001514e+02 3.97152222e-01 3.93649081e-01 5.83306296e-01
 9.99863007e+01 3.80478517e-01 3.58514580e-01 5.87587840e-01
 1.00017354e+02 3.43340548e-01 3.83435303e-01 5.43775521e-01
 1.00010859e+02 3.74004243e-01 4.67870240e-01 2.45966970e-01
 9.99783814e+01 5.39610338e-01 5.86343783e-01 1.12896760e-02
 5.16831098e+02 3.00007348e+02 3.00006550e+02 2.99992218e+02
 2.99981805e+02]"
965,5.880802460652431,100.19028960745993,"[1.00004051e+02 1.92647222e-01 3.07059872e-01 9.65719638e-01
 1.00001395e+02 3.97224849e-01 3.93564497e-01 5.83341736e-01
 9.99862552e+01 3.80192789e-01 3.58566422e-01 5.87277104e-01
 1.00017448e+02 3.43230432e-01 3.83191376e-01 5.43859781e-01
 1.00010923e+02 3.73861812e-01 4.67912131e-01 2.46068926e-01
 9.99783593e+01 5.39431987e-01 5.86446949e-01 1.10728886e-02
 5.16831280e+02 3.00007426e+02 3.00006425e+02 2.99991850e+02
 2.99981835e+02]"
966,5.878870568260471,11.858957322652754,"[1.00004025e+02 1.92621514e-01 3.06825561e-01 9.65793823e-01
 1.00001472e+02 3.97248344e-01 3.93357585e-01 5.83681040e-01
 9.99861591e+01 3.80129633e-01 3.58475236e-01 5.87060948e-01
 1.00017275e+02 3.43274511e-01 3.82925331e-01 5.43477060e-01
 1.00010865e+02 3.73948134e-01 4.67935441e-01 2.46133544e-01
 9.99781610e+01 5.39413783e-01 5.86283727e-01 1.10067878e-02
 5.16831291e+02 3.00007322e+02 3.00006484e+02 2.99992015e+02
 2.99981723e+02]"
967,5.877091574071409,29.388216118988755,"[1.00004105e+02 1.92360459e-01 3.06769786e-01 9.65716063e-01
 1.00001512e+02 3.96986570e-01 3.93143335e-01 5.83690884e-01
 9.99859148e+01 3.80286740e-01 3.57521748e-01 5.86741028e-01
 1.00017308e+02 3.43486314e-01 3.82526400e-01 5.43394937e-01
 1.00011186e+02 3.73824433e-01 4.68227304e-01 2.46626345e-01
 9.99780394e+01 5.39175928e-01 5.86782087e-01 1.09351670e-02
 5.16831063e+02 3.00006739e+02 3.00006503e+02 2.99992017e+02
 2.99981469e+02]"
968,5.877091574071409,76.58249935830284,"[1.00004105e+02 1.92360459e-01 3.06769786e-01 9.65716063e-01
 1.00001512e+02 3.96986570e-01 3.93143335e-01 5.83690884e-01
 9.99859148e+01 3.80286740e-01 3.57521748e-01 5.86741028e-01
 1.00017308e+02 3.43486314e-01 3.82526400e-01 5.43394937e-01
 1.00011186e+02 3.73824433e-01 4.68227304e-01 2.46626345e-01
 9.99780394e+01 5.39175928e-01 5.86782087e-01 1.09351670e-02
 5.16831063e+02 3.00006739e+02 3.00006503e+02 2.99992017e+02
 2.99981469e+02]"
969,5.87600273648875,88.06416284041032,"[1.00004116e+02 1.92573986e-01 3.06854906e-01 9.65799959e-01
 1.00001628e+02 3.96882348e-01 3.93100030e-01 5.83616778e-01
 9.99858995e+01 3.80202650e-01 3.57438986e-01 5.86740218e-01
 1.00017370e+02 3.43475694e-01 3.82577604e-01 5.43321229e-01
 1.00011230e+02 3.73902365e-01 4.68179281e-01 2.46706241e-01
 9.99779228e+01 5.39151637e-01 5.86762901e-01 1.09679627e-02
 5.16831132e+02 3.00006658e+02 3.00006484e+02 2.99991988e+02
 2.99981561e+02]"
970,5.87600273648875,66.63523712975878,"[1.00004116e+02 1.92573986e-01 3.06854906e-01 9.65799959e-01
 1.00001628e+02 3.96882348e-01 3.93100030e-01 5.83616778e-01
 9.99858995e+01 3.80202650e-01 3.57438986e-01 5.86740218e-01
 1.00017370e+02 3.43475694e-01 3.82577604e-01 5.43321229e-01
 1.00011230e+02 3.73902365e-01 4.68179281e-01 2.46706241e-01
 9.99779228e+01 5.39151637e-01 5.86762901e-01 1.09679627e-02
 5.16831132e+02 3.00006658e+02 3.00006484e+02 2.99991988e+02
 2.99981561e+02]"
971,5.875249142848089,21.20951132056401,"[1.00004112e+02 1.92578691e-01 3.06837624e-01 9.65788495e-01
 1.00001637e+02 3.96901883e-01 3.93103773e-01 5.83587577e-01
 9.99858948e+01 3.80235843e-01 3.57414048e-01 5.86733375e-01
 1.00017392e+02 3.43515952e-01 3.82561447e-01 5.43302710e-01
 1.00011223e+02 3.73858267e-01 4.68197931e-01 2.46704769e-01
 9.99779377e+01 5.39137589e-01 5.86764497e-01 1.09803685e-02
 5.16831140e+02 3.00006647e+02 3.00006506e+02 2.99991987e+02
 2.99981533e+02]"
972,5.873981047087922,15.316310618804748,"[1.00004091e+02 1.92575951e-01 3.06836114e-01 9.65713396e-01
 1.00001616e+02 3.96920854e-01 3.93075739e-01 5.83527645e-01
 9.99859065e+01 3.80284350e-01 3.57361418e-01 5.86677365e-01
 1.00017394e+02 3.43540409e-01 3.82588632e-01 5.43288426e-01
 1.00011181e+02 3.73776559e-01 4.68244306e-01 2.46724298e-01
 9.99779324e+01 5.39079113e-01 5.86738550e-01 1.10041897e-02
 5.16831087e+02 3.00006694e+02 3.00006498e+02 2.99991968e+02
 2.99981553e+02]"
973,5.872304012002297,26.39672252089224,"[1.00004034e+02 1.92506644e-01 3.06894655e-01 9.65651940e-01
 1.00001691e+02 3.97007158e-01 3.93096702e-01 5.83361360e-01
 9.99860280e+01 3.80320523e-01 3.57347385e-01 5.86570346e-01
 1.00017524e+02 3.43594844e-01 3.82507243e-01 5.43292944e-01
 1.00011139e+02 3.73787584e-01 4.68247540e-01 2.46748121e-01
 9.99779635e+01 5.39022557e-01 5.86839697e-01 1.11513312e-02
 5.16831084e+02 3.00006677e+02 3.00006432e+02 2.99992097e+02
 2.99981524e+02]"
974,5.871699757287658,34.22966062760159,"[1.00003952e+02 1.92513962e-01 3.06645303e-01 9.65318604e-01
 1.00001647e+02 3.97053422e-01 3.92876352e-01 5.83269270e-01
 9.99859415e+01 3.80229185e-01 3.57117156e-01 5.86731716e-01
 1.00017454e+02 3.43584678e-01 3.82566522e-01 5.43079220e-01
 1.00011124e+02 3.73691975e-01 4.68272314e-01 2.46947754e-01
 9.99777620e+01 5.38973360e-01 5.86977938e-01 1.12273576e-02
 5.16831014e+02 3.00006437e+02 3.00006632e+02 2.99992364e+02
 2.99981472e+02]"
975,5.871699757287658,69.12134913661683,"[1.00003952e+02 1.92513962e-01 3.06645303e-01 9.65318604e-01
 1.00001647e+02 3.97053422e-01 3.92876352e-01 5.83269270e-01
 9.99859415e+01 3.80229185e-01 3.57117156e-01 5.86731716e-01
 1.00017454e+02 3.43584678e-01 3.82566522e-01 5.43079220e-01
 1.00011124e+02 3.73691975e-01 4.68272314e-01 2.46947754e-01
 9.99777620e+01 5.38973360e-01 5.86977938e-01 1.12273576e-02
 5.16831014e+02 3.00006437e+02 3.00006632e+02 2.99992364e+02
 2.99981472e+02]"
976,5.871018587172668,54.418085103063376,"[1.00003952e+02 1.92509110e-01 3.06665257e-01 9.65301330e-01
 1.00001720e+02 3.97047102e-01 3.92806180e-01 5.83249015e-01
 9.99859145e+01 3.80278739e-01 3.57067896e-01 5.86745470e-01
 1.00017441e+02 3.43589460e-01 3.82519259e-01 5.43092448e-01
 1.00011161e+02 3.73690531e-01 4.68231801e-01 2.46851587e-01
 9.99777720e+01 5.38951715e-01 5.86938233e-01 1.12575938e-02
 5.16830994e+02 3.00006498e+02 3.00006670e+02 2.99992409e+02
 2.99981478e+02]"
977,5.870001455684419,31.708061723531962,"[1.00003960e+02 1.92519996e-01 3.06656923e-01 9.65277850e-01
 1.00001713e+02 3.97027546e-01 3.92768728e-01 5.83187356e-01
 9.99859158e+01 3.80340926e-01 3.57061709e-01 5.86750264e-01
 1.00017380e+02 3.43625532e-01 3.82565329e-01 5.43074413e-01
 1.00011164e+02 3.73619605e-01 4.68167622e-01 2.46877826e-01
 9.99777932e+01 5.39026251e-01 5.86924839e-01 1.12951429e-02
 5.16831010e+02 3.00006509e+02 3.00006600e+02 2.99992426e+02
 2.99981433e+02]"
978,5.868705215362424,29.873865515264907,"[1.00003966e+02 1.92485010e-01 3.06610567e-01 9.65368296e-01
 1.00001739e+02 3.97111478e-01 3.92681518e-01 5.83204287e-01
 9.99859136e+01 3.80363191e-01 3.57127331e-01 5.86634211e-01
 1.00017406e+02 3.43638010e-01 3.82467940e-01 5.43055829e-01
 1.00011216e+02 3.73390592e-01 4.68214643e-01 2.46924797e-01
 9.99776531e+01 5.39016327e-01 5.86834802e-01 1.13291021e-02
 5.16831077e+02 3.00006614e+02 3.00006584e+02 2.99992525e+02
 2.99981460e+02]"
979,5.868705215362424,52.285087047389766,"[1.00003966e+02 1.92485010e-01 3.06610567e-01 9.65368296e-01
 1.00001739e+02 3.97111478e-01 3.92681518e-01 5.83204287e-01
 9.99859136e+01 3.80363191e-01 3.57127331e-01 5.86634211e-01
 1.00017406e+02 3.43638010e-01 3.82467940e-01 5.43055829e-01
 1.00011216e+02 3.73390592e-01 4.68214643e-01 2.46924797e-01
 9.99776531e+01 5.39016327e-01 5.86834802e-01 1.13291021e-02
 5.16831077e+02 3.00006614e+02 3.00006584e+02 2.99992525e+02
 2.99981460e+02]"
980,5.868384173690187,45.640751568419,"[1.00003969e+02 1.92556015e-01 3.06591433e-01 9.65415667e-01
 1.00001755e+02 3.97112681e-01 3.92619681e-01 5.83207986e-01
 9.99858890e+01 3.80406329e-01 3.57147202e-01 5.86591463e-01
 1.00017399e+02 3.43661228e-01 3.82483921e-01 5.43062705e-01
 1.00011194e+02 3.73377116e-01 4.68249246e-01 2.46936259e-01
 9.99776672e+01 5.39002157e-01 5.86971547e-01 1.13199861e-02
 5.16831054e+02 3.00006674e+02 3.00006598e+02 2.99992530e+02
 2.99981460e+02]"
981,5.866513350632318,9.436707519266777,"[1.00003963e+02 1.92545780e-01 3.06542426e-01 9.65400633e-01
 1.00001766e+02 3.97126084e-01 3.92609630e-01 5.83132857e-01
 9.99858862e+01 3.80478853e-01 3.57146992e-01 5.86465149e-01
 1.00017395e+02 3.43675565e-01 3.82465531e-01 5.42977404e-01
 1.00011196e+02 3.73365530e-01 4.68235422e-01 2.46954875e-01
 9.99776678e+01 5.38956300e-01 5.86940617e-01 1.13533492e-02
 5.16831057e+02 3.00006677e+02 3.00006600e+02 2.99992531e+02
 2.99981462e+02]"
982,5.863360788248801,10.165957824568768,"[1.00003958e+02 1.92523439e-01 3.06469212e-01 9.65427898e-01
 1.00001770e+02 3.97144291e-01 3.92653458e-01 5.82967495e-01
 9.99858741e+01 3.80611936e-01 3.57172885e-01 5.86228370e-01
 1.00017383e+02 3.43691195e-01 3.82463571e-01 5.42818073e-01
 1.00011215e+02 3.73372460e-01 4.68154305e-01 2.46969600e-01
 9.99776442e+01 5.38887825e-01 5.86927167e-01 1.14105259e-02
 5.16831065e+02 3.00006722e+02 3.00006624e+02 2.99992608e+02
 2.99981561e+02]"
983,5.861738285345869,20.69506827335734,"[1.00004010e+02 1.92609448e-01 3.06240324e-01 9.65521246e-01
 1.00001882e+02 3.97071078e-01 3.92609688e-01 5.82996734e-01
 9.99859579e+01 3.80802542e-01 3.56876168e-01 5.86052909e-01
 1.00017279e+02 3.43344606e-01 3.82485771e-01 5.42756882e-01
 1.00011157e+02 3.73229350e-01 4.67937221e-01 2.47071998e-01
 9.99775571e+01 5.38650817e-01 5.87129939e-01 1.14866801e-02
 5.16831323e+02 3.00006647e+02 3.00006552e+02 2.99992748e+02
 2.99981641e+02]"
984,5.860766287720116,50.709571417825266,"[1.00004042e+02 1.92564456e-01 3.06433866e-01 9.65417419e-01
 1.00001846e+02 3.97313658e-01 3.92635262e-01 5.82746978e-01
 9.99861961e+01 3.80847672e-01 3.56894284e-01 5.85899202e-01
 1.00017177e+02 3.43381038e-01 3.82354463e-01 5.42659971e-01
 1.00011028e+02 3.73081685e-01 4.67700634e-01 2.46921602e-01
 9.99773108e+01 5.38621913e-01 5.87286364e-01 1.10977290e-02
 5.16831352e+02 3.00006536e+02 3.00006664e+02 2.99992660e+02
 2.99981670e+02]"
985,5.860766287720116,98.09432930503489,"[1.00004042e+02 1.92564456e-01 3.06433866e-01 9.65417419e-01
 1.00001846e+02 3.97313658e-01 3.92635262e-01 5.82746978e-01
 9.99861961e+01 3.80847672e-01 3.56894284e-01 5.85899202e-01
 1.00017177e+02 3.43381038e-01 3.82354463e-01 5.42659971e-01
 1.00011028e+02 3.73081685e-01 4.67700634e-01 2.46921602e-01
 9.99773108e+01 5.38621913e-01 5.87286364e-01 1.10977290e-02
 5.16831352e+02 3.00006536e+02 3.00006664e+02 2.99992660e+02
 2.99981670e+02]"
986,5.860151591975748,27.39699498771396,"[1.00004062e+02 1.92538224e-01 3.06470402e-01 9.65367625e-01
 1.00001859e+02 3.97282582e-01 3.92667862e-01 5.82816670e-01
 9.99861808e+01 3.80830844e-01 3.56868891e-01 5.85816706e-01
 1.00017137e+02 3.43448493e-01 3.82363298e-01 5.42597399e-01
 1.00010998e+02 3.73087754e-01 4.67656921e-01 2.46952916e-01
 9.99772934e+01 5.38583413e-01 5.87296648e-01 1.11639494e-02
 5.16831359e+02 3.00006489e+02 3.00006676e+02 2.99992648e+02
 2.99981679e+02]"
987,5.8597175346477455,39.33541030971903,"[1.00004101e+02 1.92417580e-01 3.06565924e-01 9.65405319e-01
 1.00001944e+02 3.97201343e-01 3.92608418e-01 5.82836075e-01
 9.99860588e+01 3.80980527e-01 3.56899621e-01 5.85651341e-01
 1.00017177e+02 3.43417102e-01 3.82358168e-01 5.42530606e-01
 1.00011090e+02 3.73095863e-01 4.67626684e-01 2.46991645e-01
 9.99773135e+01 5.38679444e-01 5.87303430e-01 1.10599095e-02
 5.16831388e+02 3.00006437e+02 3.00006622e+02 2.99992689e+02
 2.99981559e+02]"
988,5.859153023612194,33.76181550050045,"[1.00004143e+02 1.92462465e-01 3.06599767e-01 9.65359440e-01
 1.00001892e+02 3.97172584e-01 3.92655219e-01 5.82716363e-01
 9.99859886e+01 3.80906772e-01 3.56949726e-01 5.85603548e-01
 1.00017199e+02 3.43378486e-01 3.82144038e-01 5.42406007e-01
 1.00011054e+02 3.73211002e-01 4.67586455e-01 2.47030665e-01
 9.99773023e+01 5.38543590e-01 5.87328189e-01 1.10586650e-02
 5.16831458e+02 3.00006420e+02 3.00006476e+02 2.99992728e+02
 2.99981537e+02]"
989,5.858324641204796,45.46609526708078,"[1.00004178e+02 1.92419476e-01 3.06744370e-01 9.65344222e-01
 1.00001831e+02 3.97299514e-01 3.92560680e-01 5.82712529e-01
 9.99861913e+01 3.80885915e-01 3.56908075e-01 5.85510519e-01
 1.00017279e+02 3.43395528e-01 3.82219943e-01 5.42359153e-01
 1.00011073e+02 3.73295010e-01 4.67625208e-01 2.47120466e-01
 9.99774049e+01 5.38488660e-01 5.87388802e-01 1.10980050e-02
 5.16831526e+02 3.00006440e+02 3.00006530e+02 2.99992726e+02
 2.99981448e+02]"
990,5.856490777742189,26.834565492519616,"[1.00004210e+02 1.92418386e-01 3.06729279e-01 9.65343676e-01
 1.00001826e+02 3.97286816e-01 3.92621747e-01 5.82618083e-01
 9.99862517e+01 3.80888444e-01 3.56864613e-01 5.85402365e-01
 1.00017208e+02 3.43456527e-01 3.82177539e-01 5.42251354e-01
 1.00011173e+02 3.73149929e-01 4.67551712e-01 2.46956113e-01
 9.99775194e+01 5.38505324e-01 5.87427122e-01 1.12354673e-02
 5.16831506e+02 3.00006502e+02 3.00006548e+02 2.99992779e+02
 2.99981335e+02]"
991,5.851661711328833,9.822245171970861,"[1.00004152e+02 1.92506781e-01 3.06544616e-01 9.65149585e-01
 1.00001933e+02 3.97222199e-01 3.92550965e-01 5.82372154e-01
 9.99862695e+01 3.81149475e-01 3.56749469e-01 5.85032063e-01
 1.00017132e+02 3.43799331e-01 3.82132721e-01 5.42353857e-01
 1.00011181e+02 3.73229604e-01 4.67576150e-01 2.46849253e-01
 9.99777240e+01 5.38337769e-01 5.87472470e-01 1.13964490e-02
 5.16831338e+02 3.00006524e+02 3.00006491e+02 2.99992866e+02
 2.99981432e+02]"
992,5.851661711328833,27.56553324640412,"[1.00004152e+02 1.92506781e-01 3.06544616e-01 9.65149585e-01
 1.00001933e+02 3.97222199e-01 3.92550965e-01 5.82372154e-01
 9.99862695e+01 3.81149475e-01 3.56749469e-01 5.85032063e-01
 1.00017132e+02 3.43799331e-01 3.82132721e-01 5.42353857e-01
 1.00011181e+02 3.73229604e-01 4.67576150e-01 2.46849253e-01
 9.99777240e+01 5.38337769e-01 5.87472470e-01 1.13964490e-02
 5.16831338e+02 3.00006524e+02 3.00006491e+02 2.99992866e+02
 2.99981432e+02]"
993,5.85034618397205,19.361848315370217,"[1.00004162e+02 1.92500788e-01 3.06537493e-01 9.65100028e-01
 1.00001974e+02 3.97167369e-01 3.92422158e-01 5.82266634e-01
 9.99862733e+01 3.81030004e-01 3.56710623e-01 5.84908914e-01
 1.00017221e+02 3.43921658e-01 3.82017771e-01 5.42248123e-01
 1.00011091e+02 3.73158718e-01 4.67624580e-01 2.46901224e-01
 9.99778486e+01 5.38300971e-01 5.87490534e-01 1.14108990e-02
 5.16831265e+02 3.00006586e+02 3.00006508e+02 2.99992810e+02
 2.99981531e+02]"
994,5.85034618397205,61.36055384786656,"[1.00004162e+02 1.92500788e-01 3.06537493e-01 9.65100028e-01
 1.00001974e+02 3.97167369e-01 3.92422158e-01 5.82266634e-01
 9.99862733e+01 3.81030004e-01 3.56710623e-01 5.84908914e-01
 1.00017221e+02 3.43921658e-01 3.82017771e-01 5.42248123e-01
 1.00011091e+02 3.73158718e-01 4.67624580e-01 2.46901224e-01
 9.99778486e+01 5.38300971e-01 5.87490534e-01 1.14108990e-02
 5.16831265e+02 3.00006586e+02 3.00006508e+02 2.99992810e+02
 2.99981531e+02]"
995,5.849909997597288,36.40156422033353,"[1.00004149e+02 1.92464462e-01 3.06556114e-01 9.65150825e-01
 1.00001923e+02 3.97191707e-01 3.92452235e-01 5.82190569e-01
 9.99862800e+01 3.81085196e-01 3.56674809e-01 5.84908978e-01
 1.00017233e+02 3.43987065e-01 3.81989744e-01 5.42265091e-01
 1.00011071e+02 3.73138130e-01 4.67665724e-01 2.46952773e-01
 9.99778351e+01 5.38263496e-01 5.87490000e-01 1.14597271e-02
 5.16831251e+02 3.00006516e+02 3.00006548e+02 2.99992767e+02
 2.99981502e+02]"
996,5.847879439737514,11.996159322371117,"[1.00004165e+02 1.92442053e-01 3.06507814e-01 9.65129178e-01
 1.00001951e+02 3.97203978e-01 3.92478983e-01 5.82148699e-01
 9.99862859e+01 3.81098462e-01 3.56652150e-01 5.84785887e-01
 1.00017228e+02 3.43936187e-01 3.81956532e-01 5.42186925e-01
 1.00011077e+02 3.73206838e-01 4.67689700e-01 2.46988432e-01
 9.99778269e+01 5.38220166e-01 5.87459969e-01 1.14735118e-02
 5.16831234e+02 3.00006505e+02 3.00006547e+02 2.99992770e+02
 2.99981496e+02]"
997,5.845361932059807,13.003720395287573,"[1.00004161e+02 1.92410839e-01 3.06421187e-01 9.65080643e-01
 1.00001996e+02 3.97173608e-01 3.92396635e-01 5.82134713e-01
 9.99862435e+01 3.81154313e-01 3.56507453e-01 5.84643562e-01
 1.00017217e+02 3.43965519e-01 3.81973320e-01 5.42107073e-01
 1.00010998e+02 3.73268851e-01 4.67725200e-01 2.47126925e-01
 9.99777789e+01 5.38104800e-01 5.87378248e-01 1.16084575e-02
 5.16831278e+02 3.00006502e+02 3.00006526e+02 2.99992718e+02
 2.99981354e+02]"
998,5.843610336768886,25.628393514620917,"[1.00004126e+02 1.92560915e-01 3.06235109e-01 9.64680420e-01
 1.00001952e+02 3.97022779e-01 3.92393941e-01 5.82050185e-01
 9.99863428e+01 3.81203338e-01 3.56504533e-01 5.84605345e-01
 1.00017282e+02 3.43992513e-01 3.81835595e-01 5.42117373e-01
 1.00010974e+02 3.73194484e-01 4.67916641e-01 2.47046918e-01
 9.99780103e+01 5.37728564e-01 5.87430083e-01 1.17087719e-02
 5.16831411e+02 3.00006369e+02 3.00006533e+02 2.99993034e+02
 2.99981414e+02]"
999,5.843610336768886,48.67069394764199,"[1.00004126e+02 1.92560915e-01 3.06235109e-01 9.64680420e-01
 1.00001952e+02 3.97022779e-01 3.92393941e-01 5.82050185e-01
 9.99863428e+01 3.81203338e-01 3.56504533e-01 5.84605345e-01
 1.00017282e+02 3.43992513e-01 3.81835595e-01 5.42117373e-01
 1.00010974e+02 3.73194484e-01 4.67916641e-01 2.47046918e-01
 9.99780103e+01 5.37728564e-01 5.87430083e-01 1.17087719e-02
 5.16831411e+02 3.00006369e+02 3.00006533e+02 2.99993034e+02
 2.99981414e+02]"
1000,5.8435134312583275,117.30374252020063,"[1.00004122e+02 1.92602863e-01 3.06230510e-01 9.64660255e-01
 1.00001975e+02 3.97028781e-01 3.92396201e-01 5.82026216e-01
 9.99863761e+01 3.81211613e-01 3.56472937e-01 5.84641996e-01
 1.00017220e+02 3.44066986e-01 3.81807549e-01 5.42086773e-01
 1.00011057e+02 3.73252228e-01 4.67963928e-01 2.47084041e-01
 9.99780316e+01 5.37705827e-01 5.87430381e-01 1.16696392e-02
 5.16831434e+02 3.00006407e+02 3.00006487e+02 2.99992971e+02
 2.99981434e+02]"
